data,area,totale,m,f,d,N1,N2,ISTAT,reg
2024-11-08,PUG,773,385,388,773,ITF,ITF4,16,Puglia
2024-11-12,PUG,838,436,402,838,ITF,ITF4,16,Puglia
2024-11-04,PAT,284,140,144,284,ITH,ITH2,4,Provincia Autonoma Trento
2024-12-07,BAS,24,11,13,24,ITF,ITF5,17,Basilicata
2024-11-14,SAR,276,141,135,276,ITG,ITG2,20,Sardegna
2024-10-09,PUG,61,41,20,61,ITF,ITF4,16,Puglia
2024-11-12,PAT,434,202,232,434,ITH,ITH2,4,Provincia Autonoma Trento
2025-01-10,FVG,21,7,14,21,ITH,ITH4,6,Friuli-Venezia Giulia
2024-11-24,MAR,8,4,4,8,ITI,ITI3,11,Marche
2025-01-07,LOM,142,66,76,142,ITC,ITC4,3,Lombardia
2024-10-04,LAZ,69,42,27,69,ITI,ITI4,12,Lazio
2024-10-21,MAR,140,81,59,140,ITI,ITI3,11,Marche
2024-10-14,PAT,36,19,17,36,ITH,ITH2,4,Provincia Autonoma Trento
2024-12-07,PUG,236,123,113,236,ITF,ITF4,16,Puglia
2025-03-06,LIG,4,2,2,4,ITC,ITC3,7,Liguria
2025-02-17,PUG,6,2,4,6,ITF,ITF4,16,Puglia
2024-12-23,CAM,21,11,10,21,ITF,ITF3,15,Campania
2024-12-08,PUG,35,16,19,35,ITF,ITF4,16,Puglia
2024-12-05,VDA,23,9,14,23,ITC,ITC2,2,Valle d'Aosta / Vallée d'Aoste
2024-12-16,LOM,1052,455,597,1052,ITC,ITC4,3,Lombardia
2024-11-04,PUG,356,188,168,356,ITF,ITF4,16,Puglia
2024-11-25,PAB,137,65,72,137,ITH,ITH1,4,Provincia Autonoma Bolzano / Bozen
2024-10-14,PUG,161,88,73,161,ITF,ITF4,16,Puglia
2025-02-06,VEN,22,13,9,22,ITH,ITH3,5,Veneto
2024-12-19,EMR,828,399,429,828,ITH,ITH5,8,Emilia-Romagna
2024-12-13,LIG,200,95,105,200,ITC,ITC3,7,Liguria
2024-11-27,FVG,718,321,397,718,ITH,ITH4,6,Friuli-Venezia Giulia
2024-12-13,PAB,50,26,24,50,ITH,ITH1,4,Provincia Autonoma Bolzano / Bozen
2024-12-23,MAR,60,19,41,60,ITI,ITI3,11,Marche
2024-10-08,PUG,29,20,9,29,ITF,ITF4,16,Puglia
2024-11-26,SIC,199,105,94,199,ITG,ITG1,19,Sicilia
2025-01-23,VEN,53,17,36,53,ITH,ITH3,5,Veneto
2024-11-25,TOS,1444,696,748,1444,ITI,ITI1,9,Toscana
2025-01-02,TOS,17,8,9,17,ITI,ITI1,9,Toscana
2024-12-28,LOM,138,62,76,138,ITC,ITC4,3,Lombardia
2025-01-29,LAZ,69,33,36,69,ITI,ITI4,12,Lazio
2024-12-06,BAS,37,24,13,37,ITF,ITF5,17,Basilicata
2024-10-14,SAR,46,28,18,46,ITG,ITG2,20,Sardegna
2024-11-11,EMR,3207,1511,1696,3207,ITH,ITH5,8,Emilia-Romagna
2025-01-14,LAZ,80,35,45,80,ITI,ITI4,12,Lazio
2024-10-08,PAT,17,10,7,17,ITH,ITH2,4,Provincia Autonoma Trento
2025-01-30,EMR,77,26,51,77,ITH,ITH5,8,Emilia-Romagna
2024-11-02,FVG,44,22,22,44,ITH,ITH4,6,Friuli-Venezia Giulia
2025-01-22,LOM,83,44,39,83,ITC,ITC4,3,Lombardia
2024-11-30,LOM,1489,713,776,1489,ITC,ITC4,3,Lombardia
2024-11-26,VEN,1833,848,985,1833,ITH,ITH3,5,Veneto
2025-01-31,EMR,79,33,46,79,ITH,ITH5,8,Emilia-Romagna
2024-11-27,UMB,71,40,31,71,ITI,ITI2,10,Umbria
2024-12-04,CAL,42,22,20,42,ITF,ITF6,18,Calabria
2025-01-17,EMR,193,97,96,193,ITH,ITH5,8,Emilia-Romagna
2024-10-09,PAT,53,26,27,53,ITH,ITH2,4,Provincia Autonoma Trento
2024-11-28,UMB,53,26,27,53,ITI,ITI2,10,Umbria
2024-10-16,PAB,410,223,187,410,ITH,ITH1,4,Provincia Autonoma Bolzano / Bozen
2024-12-27,PAB,2,1,1,2,ITH,ITH1,4,Provincia Autonoma Bolzano / Bozen
2024-11-28,FVG,845,376,469,845,ITH,ITH4,6,Friuli-Venezia Giulia
2025-01-09,LOM,351,134,217,351,ITC,ITC4,3,Lombardia
2024-12-11,PIE,726,369,357,726,ITC,ITC1,1,Piemonte
2024-12-09,VEN,632,267,365,632,ITH,ITH3,5,Veneto
2024-11-13,PIE,1785,824,961,1785,ITC,ITC1,1,Piemonte
2024-10-24,PAT,671,265,406,671,ITH,ITH2,4,Provincia Autonoma Trento
2024-11-23,MAR,68,36,32,68,ITI,ITI3,11,Marche
2024-10-24,PUG,367,189,178,367,ITF,ITF4,16,Puglia
2024-12-10,LOM,1988,817,1171,1988,ITC,ITC4,3,Lombardia
2024-11-26,FVG,516,226,290,516,ITH,ITH4,6,Friuli-Venezia Giulia
2024-10-15,MAR,44,22,22,44,ITI,ITI3,11,Marche
2024-11-02,SIC,24,15,9,24,ITG,ITG1,19,Sicilia
2024-11-27,LIG,625,285,340,625,ITC,ITC3,7,Liguria
2024-11-27,PAB,99,35,64,99,ITH,ITH1,4,Provincia Autonoma Bolzano / Bozen
2025-02-26,EMR,13,7,6,13,ITH,ITH5,8,Emilia-Romagna
2025-03-03,PIE,14,6,8,14,ITC,ITC1,1,Piemonte
2024-12-30,TOS,104,46,58,104,ITI,ITI1,9,Toscana
2025-01-11,PIE,25,15,10,25,ITC,ITC1,1,Piemonte
2024-10-01,PIE,5,3,2,5,ITC,ITC1,1,Piemonte
2024-12-01,PUG,8,3,5,8,ITF,ITF4,16,Puglia
2024-09-27,PIE,10,6,4,10,ITC,ITC1,1,Piemonte
2024-11-25,EMR,2160,993,1167,2160,ITH,ITH5,8,Emilia-Romagna
2024-10-22,EMR,5122,2491,2631,5122,ITH,ITH5,8,Emilia-Romagna
2025-01-27,EMR,49,22,27,49,ITH,ITH5,8,Emilia-Romagna
2024-11-30,FVG,203,76,127,203,ITH,ITH4,6,Friuli-Venezia Giulia
2024-12-21,LAZ,47,22,25,47,ITI,ITI4,12,Lazio
2025-01-02,EMR,106,37,69,106,ITH,ITH5,8,Emilia-Romagna
2025-01-07,FVG,46,19,27,46,ITH,ITH4,6,Friuli-Venezia Giulia
2025-01-22,VEN,39,17,22,39,ITH,ITH3,5,Veneto
2024-10-16,LIG,466,258,208,466,ITC,ITC3,7,Liguria
2024-10-23,LAZ,1755,902,853,1755,ITI,ITI4,12,Lazio
2024-11-21,EMR,4093,1956,2137,4093,ITH,ITH5,8,Emilia-Romagna
2024-11-07,VEN,2822,1375,1447,2822,ITH,ITH3,5,Veneto
2024-12-02,CAL,63,36,27,63,ITF,ITF6,18,Calabria
2024-10-15,CAM,65,37,28,65,ITF,ITF3,15,Campania
2024-10-30,VDA,188,85,103,188,ITC,ITC2,2,Valle d'Aosta / Vallée d'Aoste
2024-11-13,VDA,146,78,68,146,ITC,ITC2,2,Valle d'Aosta / Vallée d'Aoste
2024-11-05,MAR,770,377,393,770,ITI,ITI3,11,Marche
2024-11-18,PUG,516,241,275,516,ITF,ITF4,16,Puglia
2025-03-12,LAZ,8,3,5,8,ITI,ITI4,12,Lazio
2024-12-22,PUG,27,12,15,27,ITF,ITF4,16,Puglia
2025-01-15,VDA,13,8,5,13,ITC,ITC2,2,Valle d'Aosta / Vallée d'Aoste
2024-12-14,ABR,28,8,20,28,ITF,ITF1,13,Abruzzo
2024-12-03,VEN,1210,555,655,1210,ITH,ITH3,5,Veneto
2024-12-11,ABR,68,34,34,68,ITF,ITF1,13,Abruzzo
2024-12-09,LAZ,566,250,316,566,ITI,ITI4,12,Lazio
2024-11-15,BAS,51,33,18,51,ITF,ITF5,17,Basilicata
2024-12-07,LAZ,199,94,105,199,ITI,ITI4,12,Lazio
2024-12-04,SAR,63,30,33,63,ITG,ITG2,20,Sardegna
2025-01-08,LAZ,76,36,40,76,ITI,ITI4,12,Lazio
2024-10-19,ABR,14,7,7,14,ITF,ITF1,13,Abruzzo
2024-11-24,ABR,7,5,2,7,ITF,ITF1,13,Abruzzo
2024-10-18,TOS,1900,919,981,1900,ITI,ITI1,9,Toscana
2024-10-29,LIG,796,392,404,796,ITC,ITC3,7,Liguria
2024-11-20,VEN,2075,1016,1059,2075,ITH,ITH3,5,Veneto
2024-10-26,FVG,253,129,124,253,ITH,ITH4,6,Friuli-Venezia Giulia
2024-10-11,PIE,232,113,119,232,ITC,ITC1,1,Piemonte
2024-10-10,SAR,41,24,17,41,ITG,ITG2,20,Sardegna
2024-11-05,VDA,65,29,36,65,ITC,ITC2,2,Valle d'Aosta / Vallée d'Aoste
2024-11-29,LIG,295,127,168,295,ITC,ITC3,7,Liguria
2024-11-29,PAB,118,59,59,118,ITH,ITH1,4,Provincia Autonoma Bolzano / Bozen
2025-01-24,VEN,64,34,30,64,ITH,ITH3,5,Veneto
2024-11-18,EMR,2691,1254,1437,2691,ITH,ITH5,8,Emilia-Romagna
2024-11-23,LAZ,406,205,201,406,ITI,ITI4,12,Lazio
2024-12-02,PIE,795,380,415,795,ITC,ITC1,1,Piemonte
2024-11-21,VEN,2530,1210,1320,2530,ITH,ITH3,5,Veneto
2024-10-31,LOM,7445,3511,3934,7445,ITC,ITC4,3,Lombardia
2024-12-09,EMR,945,456,489,945,ITH,ITH5,8,Emilia-Romagna
2025-01-11,LOM,82,49,33,82,ITC,ITC4,3,Lombardia
2024-12-03,PAB,167,86,81,167,ITH,ITH1,4,Provincia Autonoma Bolzano / Bozen
2024-10-31,LIG,664,340,324,664,ITC,ITC3,7,Liguria
2025-01-27,TOS,27,18,9,27,ITI,ITI1,9,Toscana
2025-01-10,LIG,54,25,29,54,ITC,ITC3,7,Liguria
2024-11-15,VDA,107,51,56,107,ITC,ITC2,2,Valle d'Aosta / Vallée d'Aoste
2024-12-02,TOS,762,361,401,762,ITI,ITI1,9,Toscana
2024-10-25,UMB,39,16,23,39,ITI,ITI2,10,Umbria
2024-12-21,ABR,31,12,19,31,ITF,ITF1,13,Abruzzo
2024-09-23,LOM,17,8,9,17,ITC,ITC4,3,Lombardia
2025-01-24,PAT,2,1,1,2,ITH,ITH2,4,Provincia Autonoma Trento
2024-12-03,TOS,846,393,453,846,ITI,ITI1,9,Toscana
2024-11-22,VEN,2446,1167,1279,2446,ITH,ITH3,5,Veneto
2024-12-30,LOM,230,98,132,230,ITC,ITC4,3,Lombardia
2024-11-22,SAR,153,70,83,153,ITG,ITG2,20,Sardegna
2024-10-21,CAM,55,35,20,55,ITF,ITF3,15,Campania
2025-03-03,LOM,25,13,12,25,ITC,ITC4,3,Lombardia
2025-02-12,LAZ,33,18,15,33,ITI,ITI4,12,Lazio
2024-10-27,ABR,25,14,11,25,ITF,ITF1,13,Abruzzo
2024-12-28,PIE,11,2,9,11,ITC,ITC1,1,Piemonte
2025-02-20,LAZ,9,5,4,9,ITI,ITI4,12,Lazio
2024-10-10,EMR,1666,829,837,1666,ITH,ITH5,8,Emilia-Romagna
2025-02-17,PIE,22,11,11,22,ITC,ITC1,1,Piemonte
2024-12-21,MAR,27,14,13,27,ITI,ITI3,11,Marche
2024-10-17,SIC,16,8,8,16,ITG,ITG1,19,Sicilia
2024-11-24,SIC,5,3,2,5,ITG,ITG1,19,Sicilia
2024-11-14,PIE,2322,1073,1249,2322,ITC,ITC1,1,Piemonte
2024-11-22,CAL,79,46,33,79,ITF,ITF6,18,Calabria
2024-11-22,PAT,218,110,108,218,ITH,ITH2,4,Provincia Autonoma Trento
2024-12-06,MOL,8,5,3,8,ITF,ITF2,14,Molise
2024-12-10,VEN,862,397,465,862,ITH,ITH3,5,Veneto
2024-11-22,PUG,844,417,427,844,ITF,ITF4,16,Puglia
2024-11-12,PIE,1980,913,1067,1980,ITC,ITC1,1,Piemonte
2024-11-11,SAR,400,206,194,400,ITG,ITG2,20,Sardegna
2024-12-14,LAZ,181,83,98,181,ITI,ITI4,12,Lazio
2024-10-10,ABR,54,38,16,54,ITF,ITF1,13,Abruzzo
2025-01-07,SIC,22,12,10,22,ITG,ITG1,19,Sicilia
2025-03-19,LOM,17,5,12,17,ITC,ITC4,3,Lombardia
2024-10-11,PAT,92,44,48,92,ITH,ITH2,4,Provincia Autonoma Trento
2024-11-11,VEN,1503,779,724,1503,ITH,ITH3,5,Veneto
2024-10-05,LOM,4001,2109,1892,4001,ITC,ITC4,3,Lombardia
2024-10-11,PUG,126,66,60,126,ITF,ITF4,16,Puglia
2024-10-23,ABR,117,53,64,117,ITF,ITF1,13,Abruzzo
2024-12-10,SAR,30,15,15,30,ITG,ITG2,20,Sardegna
2024-11-14,PAB,371,164,207,371,ITH,ITH1,4,Provincia Autonoma Bolzano / Bozen
2024-10-21,LIG,340,161,179,340,ITC,ITC3,7,Liguria
2024-11-13,SIC,164,90,74,164,ITG,ITG1,19,Sicilia
2025-02-06,LOM,144,48,96,144,ITC,ITC4,3,Lombardia
2024-12-04,ABR,102,49,53,102,ITF,ITF1,13,Abruzzo
2024-11-23,TOS,492,216,276,492,ITI,ITI1,9,Toscana
2025-02-04,PIE,39,19,20,39,ITC,ITC1,1,Piemonte
2024-12-27,LOM,354,144,210,354,ITC,ITC4,3,Lombardia
2024-12-13,FVG,398,161,237,398,ITH,ITH4,6,Friuli-Venezia Giulia
2024-10-28,MOL,33,14,19,33,ITF,ITF2,14,Molise
2024-11-13,LAZ,1945,929,1016,1945,ITI,ITI4,12,Lazio
2024-12-01,MAR,2,0,2,2,ITI,ITI3,11,Marche
2024-10-15,FVG,30,17,13,30,ITH,ITH4,6,Friuli-Venezia Giulia
2025-01-23,EMR,118,62,56,118,ITH,ITH5,8,Emilia-Romagna
2025-03-13,ABR,6,3,3,6,ITF,ITF1,13,Abruzzo
2025-02-11,PUG,14,8,6,14,ITF,ITF4,16,Puglia
2024-11-15,ABR,55,22,33,55,ITF,ITF1,13,Abruzzo
2025-02-20,SIC,7,4,3,7,ITG,ITG1,19,Sicilia
2024-10-02,CAM,19,12,7,19,ITF,ITF3,15,Campania
2024-11-07,EMR,6483,3135,3348,6483,ITH,ITH5,8,Emilia-Romagna
2024-10-28,PAT,244,114,130,244,ITH,ITH2,4,Provincia Autonoma Trento
2024-11-17,FVG,13,4,9,13,ITH,ITH4,6,Friuli-Venezia Giulia
2024-12-14,BAS,12,10,2,12,ITF,ITF5,17,Basilicata
2024-11-09,PIE,809,386,423,809,ITC,ITC1,1,Piemonte
2024-10-28,PUG,397,216,181,397,ITF,ITF4,16,Puglia
2024-12-14,SIC,91,51,40,91,ITG,ITG1,19,Sicilia
2024-12-09,LOM,1620,695,925,1620,ITC,ITC4,3,Lombardia
2024-12-17,TOS,312,146,166,312,ITI,ITI1,9,Toscana
2025-02-25,EMR,20,6,14,20,ITH,ITH5,8,Emilia-Romagna
2025-03-17,TOS,3,1,2,3,ITI,ITI1,9,Toscana
2025-01-30,VEN,43,14,29,43,ITH,ITH3,5,Veneto
2024-10-22,TOS,2020,944,1076,2020,ITI,ITI1,9,Toscana
2024-09-20,TOS,4,3,1,4,ITI,ITI1,9,Toscana
2024-11-07,LOM,8790,4066,4724,8790,ITC,ITC4,3,Lombardia
2024-11-08,FVG,936,477,459,936,ITH,ITH4,6,Friuli-Venezia Giulia
2024-10-23,VDA,230,115,115,230,ITC,ITC2,2,Valle d'Aosta / Vallée d'Aoste
2024-12-13,PUG,476,219,257,476,ITF,ITF4,16,Puglia
2024-10-08,EMR,1283,647,636,1283,ITH,ITH5,8,Emilia-Romagna
2024-12-11,PAT,249,99,150,249,ITH,ITH2,4,Provincia Autonoma Trento
2024-11-29,CAM,186,109,77,186,ITF,ITF3,15,Campania
2024-11-05,UMB,30,14,16,30,ITI,ITI2,10,Umbria
2024-12-17,PAB,72,40,32,72,ITH,ITH1,4,Provincia Autonoma Bolzano / Bozen
2024-10-05,CAM,2,1,1,2,ITF,ITF3,15,Campania
2024-12-15,EMR,61,22,39,61,ITH,ITH5,8,Emilia-Romagna
2024-12-11,CAL,33,19,14,33,ITF,ITF6,18,Calabria
2024-10-30,LAZ,2112,1010,1102,2112,ITI,ITI4,12,Lazio
2024-10-21,PIE,834,397,437,834,ITC,ITC1,1,Piemonte
2024-11-14,TOS,3014,1400,1614,3014,ITI,ITI1,9,Toscana
2024-12-11,PUG,520,265,255,520,ITF,ITF4,16,Puglia
2024-10-15,PAT,278,161,117,278,ITH,ITH2,4,Provincia Autonoma Trento
2024-12-09,ABR,98,48,50,98,ITF,ITF1,13,Abruzzo
2024-12-05,PIE,961,436,525,961,ITC,ITC1,1,Piemonte
2024-12-13,PAT,78,30,48,78,ITH,ITH2,4,Provincia Autonoma Trento
2025-02-06,EMR,100,38,62,100,ITH,ITH5,8,Emilia-Romagna
2025-01-24,PUG,53,22,31,53,ITF,ITF4,16,Puglia
2024-12-05,UMB,42,24,18,42,ITI,ITI2,10,Umbria
2025-02-04,LIG,13,5,8,13,ITC,ITC3,7,Liguria
2025-01-09,TOS,62,29,33,62,ITI,ITI1,9,Toscana
2024-10-10,LOM,1884,866,1018,1884,ITC,ITC4,3,Lombardia
2024-11-02,CAM,16,11,5,16,ITF,ITF3,15,Campania
2024-11-04,LOM,6671,3166,3505,6671,ITC,ITC4,3,Lombardia
2024-12-08,LOM,79,30,49,79,ITC,ITC4,3,Lombardia
2024-10-25,TOS,2638,1218,1420,2638,ITI,ITI1,9,Toscana
2024-12-12,PAT,40,21,19,40,ITH,ITH2,4,Provincia Autonoma Trento
2025-02-05,PUG,7,3,4,7,ITF,ITF4,16,Puglia
2024-11-21,PAT,339,154,185,339,ITH,ITH2,4,Provincia Autonoma Trento
2024-10-22,PUG,405,216,189,405,ITF,ITF4,16,Puglia
2024-10-04,FVG,61,25,36,61,ITH,ITH4,6,Friuli-Venezia Giulia
2024-10-07,EMR,571,253,318,571,ITH,ITH5,8,Emilia-Romagna
2024-10-18,ABR,71,44,27,71,ITF,ITF1,13,Abruzzo
2024-12-27,LAZ,178,79,99,178,ITI,ITI4,12,Lazio
2024-11-06,LAZ,2034,1021,1013,2034,ITI,ITI4,12,Lazio
2024-10-22,PAT,443,194,249,443,ITH,ITH2,4,Provincia Autonoma Trento
2025-03-14,LAZ,5,2,3,5,ITI,ITI4,12,Lazio
2024-12-16,ABR,104,49,55,104,ITF,ITF1,13,Abruzzo
2025-01-02,ABR,6,3,3,6,ITF,ITF1,13,Abruzzo
2025-01-15,VEN,147,53,94,147,ITH,ITH3,5,Veneto
2025-01-22,LAZ,28,12,16,28,ITI,ITI4,12,Lazio
2024-11-14,VDA,126,54,72,126,ITC,ITC2,2,Valle d'Aosta / Vallée d'Aoste
2025-02-25,LAZ,8,6,2,8,ITI,ITI4,12,Lazio
2024-10-03,EMR,87,46,41,87,ITH,ITH5,8,Emilia-Romagna
2025-01-13,TOS,46,25,21,46,ITI,ITI1,9,Toscana
2024-11-23,PIE,676,357,319,676,ITC,ITC1,1,Piemonte
2025-01-09,LAZ,79,34,45,79,ITI,ITI4,12,Lazio
2024-11-25,LOM,4016,1886,2130,4016,ITC,ITC4,3,Lombardia
2024-11-03,FVG,1,1,0,1,ITH,ITH4,6,Friuli-Venezia Giulia
2024-11-19,TOS,1648,766,882,1648,ITI,ITI1,9,Toscana
2024-11-04,PAB,221,111,110,221,ITH,ITH1,4,Provincia Autonoma Bolzano / Bozen
2024-11-03,ABR,26,13,13,26,ITF,ITF1,13,Abruzzo
2025-01-14,MAR,16,9,7,16,ITI,ITI3,11,Marche
2024-11-08,TOS,2886,1403,1483,2886,ITI,ITI1,9,Toscana
2024-12-04,BAS,72,42,30,72,ITF,ITF5,17,Basilicata
2024-11-07,VDA,177,97,80,177,ITC,ITC2,2,Valle d'Aosta / Vallée d'Aoste
2024-11-10,TOS,23,16,7,23,ITI,ITI1,9,Toscana
2024-11-11,SIC,120,69,51,120,ITG,ITG1,19,Sicilia
2024-12-03,LAZ,806,377,429,806,ITI,ITI4,12,Lazio
2024-09-25,LIG,27,17,10,27,ITC,ITC3,7,Liguria
2024-11-05,CAL,51,29,22,51,ITF,ITF6,18,Calabria
2025-03-15,VEN,54,31,23,54,ITH,ITH3,5,Veneto
2024-12-07,CAM,29,12,17,29,ITF,ITF3,15,Campania
2025-02-06,SIC,9,6,3,9,ITG,ITG1,19,Sicilia
2025-03-10,LIG,2,1,1,2,ITC,ITC3,7,Liguria
2024-12-15,LAZ,12,6,6,12,ITI,ITI4,12,Lazio
2024-12-05,ABR,96,53,43,96,ITF,ITF1,13,Abruzzo
2024-12-08,EMR,99,42,57,99,ITH,ITH5,8,Emilia-Romagna
2024-12-19,PAT,81,36,45,81,ITH,ITH2,4,Provincia Autonoma Trento
2024-12-05,CAL,54,28,26,54,ITF,ITF6,18,Calabria
2024-11-22,CAM,134,65,69,134,ITF,ITF3,15,Campania
2024-11-20,CAM,172,99,73,172,ITF,ITF3,15,Campania
2024-12-06,CAM,96,47,49,96,ITF,ITF3,15,Campania
2024-10-17,PAB,464,243,221,464,ITH,ITH1,4,Provincia Autonoma Bolzano / Bozen
2024-10-14,VDA,67,31,36,67,ITC,ITC2,2,Valle d'Aosta / Vallée d'Aoste
2025-01-08,FVG,33,15,18,33,ITH,ITH4,6,Friuli-Venezia Giulia
2024-12-19,PUG,347,176,171,347,ITF,ITF4,16,Puglia
2024-12-10,PIE,693,331,362,693,ITC,ITC1,1,Piemonte
2024-11-21,PUG,601,330,271,601,ITF,ITF4,16,Puglia
2024-10-13,EMR,59,21,38,59,ITH,ITH5,8,Emilia-Romagna
2024-12-19,VEN,398,186,212,398,ITH,ITH3,5,Veneto
2024-12-10,ABR,112,55,57,112,ITF,ITF1,13,Abruzzo
2024-11-10,PUG,33,16,17,33,ITF,ITF4,16,Puglia
2024-12-17,LAZ,514,250,264,514,ITI,ITI4,12,Lazio
2025-01-29,MAR,16,7,9,16,ITI,ITI3,11,Marche
2024-11-14,MAR,740,359,381,740,ITI,ITI3,11,Marche
2024-10-19,FVG,75,31,44,75,ITH,ITH4,6,Friuli-Venezia Giulia
2024-12-10,CAL,41,23,18,41,ITF,ITF6,18,Calabria
2025-01-29,TOS,19,8,11,19,ITI,ITI1,9,Toscana
2025-01-17,LIG,10,5,5,10,ITC,ITC3,7,Liguria
2024-11-19,PUG,879,433,446,879,ITF,ITF4,16,Puglia
2024-11-15,LIG,574,265,309,574,ITC,ITC3,7,Liguria
2025-01-15,EMR,159,69,90,159,ITH,ITH5,8,Emilia-Romagna
2024-12-02,PAT,72,31,41,72,ITH,ITH2,4,Provincia Autonoma Trento
2024-10-09,VDA,47,26,21,47,ITC,ITC2,2,Valle d'Aosta / Vallée d'Aoste
2024-12-09,CAM,83,47,36,83,ITF,ITF3,15,Campania
2025-01-03,PIE,78,39,39,78,ITC,ITC1,1,Piemonte
2025-02-21,VEN,31,3,28,31,ITH,ITH3,5,Veneto
2024-10-03,VEN,8,2,6,8,ITH,ITH3,5,Veneto
2024-12-02,PUG,360,188,172,360,ITF,ITF4,16,Puglia
2025-02-24,LOM,54,30,24,54,ITC,ITC4,3,Lombardia
2024-11-10,PAT,8,4,4,8,ITH,ITH2,4,Provincia Autonoma Trento
2024-10-30,EMR,6188,2901,3287,6188,ITH,ITH5,8,Emilia-Romagna
2024-10-19,PIE,349,161,188,349,ITC,ITC1,1,Piemonte
2025-02-14,PIE,20,14,6,20,ITC,ITC1,1,Piemonte
2025-02-10,TOS,14,4,10,14,ITI,ITI1,9,Toscana
2025-02-19,LIG,35,15,20,35,ITC,ITC3,7,Liguria
2024-11-15,MAR,305,161,144,305,ITI,ITI3,11,Marche
2024-11-07,SIC,141,78,63,141,ITG,ITG1,19,Sicilia
2024-10-23,LOM,9051,4388,4663,9051,ITC,ITC4,3,Lombardia
2024-12-12,TOS,570,261,309,570,ITI,ITI1,9,Toscana
2025-01-31,LAZ,28,17,11,28,ITI,ITI4,12,Lazio
2025-01-21,LAZ,55,29,26,55,ITI,ITI4,12,Lazio
2024-12-09,PAT,83,30,53,83,ITH,ITH2,4,Provincia Autonoma Trento
2024-10-07,VEN,247,125,122,247,ITH,ITH3,5,Veneto
2024-11-09,LAZ,788,372,416,788,ITI,ITI4,12,Lazio
2024-10-29,PUG,655,354,301,655,ITF,ITF4,16,Puglia
2024-10-19,CAL,13,10,3,13,ITF,ITF6,18,Calabria
2024-10-02,LIG,86,43,43,86,ITC,ITC3,7,Liguria
2024-12-30,SIC,20,11,9,20,ITG,ITG1,19,Sicilia
2024-11-13,BAS,57,31,26,57,ITF,ITF5,17,Basilicata
2024-11-30,CAL,26,11,15,26,ITF,ITF6,18,Calabria
2025-02-26,VEN,67,21,46,67,ITH,ITH3,5,Veneto
2024-11-04,EMR,3027,1414,1613,3027,ITH,ITH5,8,Emilia-Romagna
2024-11-04,VEN,1575,732,843,1575,ITH,ITH3,5,Veneto
2024-10-29,PAT,338,181,157,338,ITH,ITH2,4,Provincia Autonoma Trento
2024-12-05,FVG,471,189,282,471,ITH,ITH4,6,Friuli-Venezia Giulia
2024-12-23,LIG,189,83,106,189,ITC,ITC3,7,Liguria
2024-10-31,PUG,524,286,238,524,ITF,ITF4,16,Puglia
2024-10-15,LIG,450,252,198,450,ITC,ITC3,7,Liguria
2024-11-01,TOS,62,28,34,62,ITI,ITI1,9,Toscana
2024-10-09,SIC,6,5,1,6,ITG,ITG1,19,Sicilia
2024-11-05,PIE,1887,829,1058,1887,ITC,ITC1,1,Piemonte
2024-10-08,VEN,420,201,219,420,ITH,ITH3,5,Veneto
2025-03-12,LOM,45,20,25,45,ITC,ITC4,3,Lombardia
2024-10-22,VEN,1606,750,856,1606,ITH,ITH3,5,Veneto
2024-11-28,CAM,138,73,65,138,ITF,ITF3,15,Campania
2025-02-28,EMR,18,7,11,18,ITH,ITH5,8,Emilia-Romagna
2024-10-25,FVG,487,257,230,487,ITH,ITH4,6,Friuli-Venezia Giulia
2025-03-07,SIC,2,1,1,2,ITG,ITG1,19,Sicilia
2024-11-29,CAL,48,27,21,48,ITF,ITF6,18,Calabria
2024-11-07,TOS,3191,1490,1701,3191,ITI,ITI1,9,Toscana
2024-12-20,BAS,13,7,6,13,ITF,ITF5,17,Basilicata
2024-10-08,FVG,24,7,17,24,ITH,ITH4,6,Friuli-Venezia Giulia
2024-11-13,LOM,6987,3339,3648,6987,ITC,ITC4,3,Lombardia
2024-10-19,VEN,852,463,389,852,ITH,ITH3,5,Veneto
2025-01-27,PUG,20,9,11,20,ITF,ITF4,16,Puglia
2024-11-10,PIE,56,22,34,56,ITC,ITC1,1,Piemonte
2025-02-07,PIE,20,12,8,20,ITC,ITC1,1,Piemonte
2024-10-29,VDA,113,53,60,113,ITC,ITC2,2,Valle d'Aosta / Vallée d'Aoste
2024-11-09,SIC,33,23,10,33,ITG,ITG1,19,Sicilia
2025-03-06,PIE,19,8,11,19,ITC,ITC1,1,Piemonte
2024-11-05,PAT,134,63,71,134,ITH,ITH2,4,Provincia Autonoma Trento
2024-11-09,CAL,48,25,23,48,ITF,ITF6,18,Calabria
2024-10-27,EMR,364,160,204,364,ITH,ITH5,8,Emilia-Romagna
2024-12-07,PIE,332,171,161,332,ITC,ITC1,1,Piemonte
2025-01-10,SIC,29,22,7,29,ITG,ITG1,19,Sicilia
2025-01-12,LOM,12,4,8,12,ITC,ITC4,3,Lombardia
2024-12-31,TOS,6,2,4,6,ITI,ITI1,9,Toscana
2025-03-04,PIE,7,3,4,7,ITC,ITC1,1,Piemonte
2024-12-11,LOM,1784,752,1032,1784,ITC,ITC4,3,Lombardia
2024-12-22,PIE,5,3,2,5,ITC,ITC1,1,Piemonte
2025-01-27,PAT,11,6,5,11,ITH,ITH2,4,Provincia Autonoma Trento
2025-01-08,VEN,112,47,65,112,ITH,ITH3,5,Veneto
2024-10-31,SAR,136,73,63,136,ITG,ITG2,20,Sardegna
2025-01-23,SIC,35,18,17,35,ITG,ITG1,19,Sicilia
2025-01-24,LIG,11,5,6,11,ITC,ITC3,7,Liguria
2024-12-27,FVG,25,16,9,25,ITH,ITH4,6,Friuli-Venezia Giulia
2025-01-21,FVG,16,5,11,16,ITH,ITH4,6,Friuli-Venezia Giulia
2024-11-22,EMR,3865,1802,2063,3865,ITH,ITH5,8,Emilia-Romagna
2024-12-05,PAT,93,38,55,93,ITH,ITH2,4,Provincia Autonoma Trento
2025-01-13,LIG,35,7,28,35,ITC,ITC3,7,Liguria
2025-02-13,TOS,6,4,2,6,ITI,ITI1,9,Toscana
2024-10-02,VEN,36,19,17,36,ITH,ITH3,5,Veneto
2024-11-02,PAB,10,5,5,10,ITH,ITH1,4,Provincia Autonoma Bolzano / Bozen
2024-12-05,PUG,517,251,266,517,ITF,ITF4,16,Puglia
2024-12-13,LOM,1591,700,891,1591,ITC,ITC4,3,Lombardia
2024-10-29,PIE,2226,1007,1219,2226,ITC,ITC1,1,Piemonte
2024-10-21,LAZ,1167,610,557,1167,ITI,ITI4,12,Lazio
2024-11-21,BAS,19,11,8,19,ITF,ITF5,17,Basilicata
2024-10-26,TOS,719,331,388,719,ITI,ITI1,9,Toscana
2025-02-17,VEN,3,2,1,3,ITH,ITH3,5,Veneto
2024-12-18,CAL,12,5,7,12,ITF,ITF6,18,Calabria
2024-11-19,SIC,205,113,92,205,ITG,ITG1,19,Sicilia
2024-10-31,UMB,41,23,18,41,ITI,ITI2,10,Umbria
2025-01-04,LIG,5,3,2,5,ITC,ITC3,7,Liguria
2025-01-03,CAM,24,14,10,24,ITF,ITF3,15,Campania
2024-10-18,EMR,3326,1684,1642,3326,ITH,ITH5,8,Emilia-Romagna
2024-09-29,LOM,12,9,3,12,ITC,ITC4,3,Lombardia
2024-10-16,LOM,7044,3425,3619,7044,ITC,ITC4,3,Lombardia
2025-01-17,PUG,70,35,35,70,ITF,ITF4,16,Puglia
2024-10-14,PIE,315,165,150,315,ITC,ITC1,1,Piemonte
2024-12-14,LOM,651,290,361,651,ITC,ITC4,3,Lombardia
2025-01-07,CAM,5,2,3,5,ITF,ITF3,15,Campania
2024-10-22,VDA,103,46,57,103,ITC,ITC2,2,Valle d'Aosta / Vallée d'Aoste
2024-11-30,CAM,40,22,18,40,ITF,ITF3,15,Campania
2024-11-18,FVG,564,274,290,564,ITH,ITH4,6,Friuli-Venezia Giulia
2024-12-04,TOS,936,428,508,936,ITI,ITI1,9,Toscana
2024-12-14,VEN,225,110,115,225,ITH,ITH3,5,Veneto
2024-10-04,VEN,61,24,37,61,ITH,ITH3,5,Veneto
2024-10-26,UMB,6,4,2,6,ITI,ITI2,10,Umbria
2024-10-07,ABR,8,3,5,8,ITF,ITF1,13,Abruzzo
2024-10-18,LAZ,916,487,429,916,ITI,ITI4,12,Lazio
2024-12-20,PIE,607,271,336,607,ITC,ITC1,1,Piemonte
2024-11-28,LIG,698,314,384,698,ITC,ITC3,7,Liguria
2024-10-28,CAM,105,58,47,105,ITF,ITF3,15,Campania
2024-11-21,VDA,75,33,42,75,ITC,ITC2,2,Valle d'Aosta / Vallée d'Aoste
2024-11-04,FVG,367,162,205,367,ITH,ITH4,6,Friuli-Venezia Giulia
2024-11-24,LOM,374,179,195,374,ITC,ITC4,3,Lombardia
2024-11-18,PIE,1491,670,821,1491,ITC,ITC1,1,Piemonte
2025-01-03,LIG,39,11,28,39,ITC,ITC3,7,Liguria
2024-10-16,MAR,110,60,50,110,ITI,ITI3,11,Marche
2024-11-06,FVG,957,467,490,957,ITH,ITH4,6,Friuli-Venezia Giulia
2024-12-05,VEN,955,417,538,955,ITH,ITH3,5,Veneto
2024-11-27,CAM,126,64,62,126,ITF,ITF3,15,Campania
2024-12-02,MAR,131,65,66,131,ITI,ITI3,11,Marche
2025-02-08,EMR,6,3,3,6,ITH,ITH5,8,Emilia-Romagna
2025-02-11,LOM,74,31,43,74,ITC,ITC4,3,Lombardia
2024-12-01,PIE,17,4,13,17,ITC,ITC1,1,Piemonte
2025-01-16,PIE,48,22,26,48,ITC,ITC1,1,Piemonte
2024-12-13,ABR,58,31,27,58,ITF,ITF1,13,Abruzzo
2024-10-23,VEN,2029,980,1049,2029,ITH,ITH3,5,Veneto
2024-12-13,MAR,102,46,56,102,ITI,ITI3,11,Marche
2024-11-03,EMR,390,183,207,390,ITH,ITH5,8,Emilia-Romagna
2024-12-17,SIC,115,58,57,115,ITG,ITG1,19,Sicilia
2024-10-21,SAR,90,49,41,90,ITG,ITG2,20,Sardegna
2024-10-29,ABR,171,83,88,171,ITF,ITF1,13,Abruzzo
2024-11-14,PAT,508,239,269,508,ITH,ITH2,4,Provincia Autonoma Trento
2024-12-02,VDA,8,2,6,8,ITC,ITC2,2,Valle d'Aosta / Vallée d'Aoste
2024-10-11,LOM,2339,1045,1294,2339,ITC,ITC4,3,Lombardia
2024-11-05,VEN,2526,1205,1321,2526,ITH,ITH3,5,Veneto
2024-10-16,ABR,118,65,53,118,ITF,ITF1,13,Abruzzo
2024-11-14,PUG,819,415,404,819,ITF,ITF4,16,Puglia
2025-01-23,PUG,69,31,38,69,ITF,ITF4,16,Puglia
2024-11-02,UMB,6,2,4,6,ITI,ITI2,10,Umbria
2024-12-03,MOL,8,4,4,8,ITF,ITF2,14,Molise
2025-03-18,TOS,10,4,6,10,ITI,ITI1,9,Toscana
2024-09-25,TOS,4,3,1,4,ITI,ITI1,9,Toscana
2025-02-19,EMR,6,2,4,6,ITH,ITH5,8,Emilia-Romagna
2024-12-17,CAL,13,5,8,13,ITF,ITF6,18,Calabria
2024-12-26,PIE,6,1,5,6,ITC,ITC1,1,Piemonte
2025-03-03,TOS,1,0,1,1,ITI,ITI1,9,Toscana
2024-11-10,BAS,1,1,0,1,ITF,ITF5,17,Basilicata
2024-09-26,EMR,12,6,6,12,ITH,ITH5,8,Emilia-Romagna
2025-01-03,PAB,4,2,2,4,ITH,ITH1,4,Provincia Autonoma Bolzano / Bozen
2025-02-25,PIE,8,2,6,8,ITC,ITC1,1,Piemonte
2025-01-28,MAR,2,0,2,2,ITI,ITI3,11,Marche
2025-01-25,MAR,6,4,2,6,ITI,ITI3,11,Marche
2025-03-14,ABR,2,1,1,2,ITF,ITF1,13,Abruzzo
2024-10-27,LAZ,61,27,34,61,ITI,ITI4,12,Lazio
2024-11-04,MOL,27,11,16,27,ITF,ITF2,14,Molise
2024-11-13,ABR,26,11,15,26,ITF,ITF1,13,Abruzzo
2024-10-08,SIC,5,3,2,5,ITG,ITG1,19,Sicilia
2024-11-16,EMR,1959,919,1040,1959,ITH,ITH5,8,Emilia-Romagna
2024-12-05,LOM,2713,1175,1538,2713,ITC,ITC4,3,Lombardia
2024-12-04,SIC,151,80,71,151,ITG,ITG1,19,Sicilia
2024-10-19,MAR,107,56,51,107,ITI,ITI3,11,Marche
2024-12-16,VEN,387,169,218,387,ITH,ITH3,5,Veneto
2024-12-12,PUG,374,188,186,374,ITF,ITF4,16,Puglia
2025-01-28,SIC,15,9,6,15,ITG,ITG1,19,Sicilia
2025-01-24,TOS,44,20,24,44,ITI,ITI1,9,Toscana
2024-10-04,PUG,21,12,9,21,ITF,ITF4,16,Puglia
2024-09-30,CAM,7,5,2,7,ITF,ITF3,15,Campania
2025-02-25,LIG,8,5,3,8,ITC,ITC3,7,Liguria
2024-11-18,PAT,71,35,36,71,ITH,ITH2,4,Provincia Autonoma Trento
2025-02-06,TOS,20,8,12,20,ITI,ITI1,9,Toscana
2025-02-07,LIG,3,2,1,3,ITC,ITC3,7,Liguria
2024-11-23,CAL,6,1,5,6,ITF,ITF6,18,Calabria
2024-12-15,VEN,2,1,1,2,ITH,ITH3,5,Veneto
2024-12-01,SIC,4,3,1,4,ITG,ITG1,19,Sicilia
2025-02-01,FVG,6,4,2,6,ITH,ITH4,6,Friuli-Venezia Giulia
2024-10-19,VDA,31,13,18,31,ITC,ITC2,2,Valle d'Aosta / Vallée d'Aoste
2024-10-04,PAT,4,3,1,4,ITH,ITH2,4,Provincia Autonoma Trento
2025-02-13,SIC,12,7,5,12,ITG,ITG1,19,Sicilia
2025-02-17,PAT,3,2,1,3,ITH,ITH2,4,Provincia Autonoma Trento
2025-02-04,PUG,8,4,4,8,ITF,ITF4,16,Puglia
2025-03-14,LIG,2,1,1,2,ITC,ITC3,7,Liguria
2024-12-07,PAT,18,7,11,18,ITH,ITH2,4,Provincia Autonoma Trento
2025-02-24,TOS,4,1,3,4,ITI,ITI1,9,Toscana
2024-11-01,PUG,7,3,4,7,ITF,ITF4,16,Puglia
2025-01-14,SAR,2,1,1,2,ITG,ITG2,20,Sardegna
2025-03-13,LAZ,2,1,1,2,ITI,ITI4,12,Lazio
2024-09-27,TOS,1,0,1,1,ITI,ITI1,9,Toscana
2024-12-31,SIC,2,2,0,2,ITG,ITG1,19,Sicilia
2024-12-23,VDA,1,0,1,1,ITC,ITC2,2,Valle d'Aosta / Vallée d'Aoste
2024-11-24,VDA,1,1,0,1,ITC,ITC2,2,Valle d'Aosta / Vallée d'Aoste
2025-02-17,SIC,3,3,0,3,ITG,ITG1,19,Sicilia
2024-09-26,CAM,1,1,0,1,ITF,ITF3,15,Campania
2025-01-25,LIG,1,0,1,1,ITC,ITC3,7,Liguria
2024-11-23,VDA,1,1,0,1,ITC,ITC2,2,Valle d'Aosta / Vallée d'Aoste
2025-01-20,VDA,2,1,1,2,ITC,ITC2,2,Valle d'Aosta / Vallée d'Aoste
2024-12-01,PAT,1,1,0,1,ITH,ITH2,4,Provincia Autonoma Trento
2025-02-02,PIE,2,1,1,2,ITC,ITC1,1,Piemonte
2024-12-18,MOL,3,2,1,3,ITF,ITF2,14,Molise
2025-01-12,EMR,2,1,1,2,ITH,ITH5,8,Emilia-Romagna
2025-01-02,PAB,1,0,1,1,ITH,ITH1,4,Provincia Autonoma Bolzano / Bozen
2025-01-07,VEN,154,77,77,154,ITH,ITH3,5,Veneto
2024-11-30,VEN,352,172,180,352,ITH,ITH3,5,Veneto
2024-11-20,MAR,627,291,336,627,ITI,ITI3,11,Marche
2024-12-16,LIG,172,85,87,172,ITC,ITC3,7,Liguria
2024-12-12,ABR,128,66,62,128,ITF,ITF1,13,Abruzzo
2024-12-16,PAB,78,36,42,78,ITH,ITH1,4,Provincia Autonoma Bolzano / Bozen
2025-03-07,LOM,41,25,16,41,ITC,ITC4,3,Lombardia
2025-01-02,LIG,47,30,17,47,ITC,ITC3,7,Liguria
2024-12-15,CAM,6,3,3,6,ITF,ITF3,15,Campania
2024-11-19,UMB,32,15,17,32,ITI,ITI2,10,Umbria
2024-11-15,PIE,2431,1120,1311,2431,ITC,ITC1,1,Piemonte
2024-11-12,BAS,61,35,26,61,ITF,ITF5,17,Basilicata
2025-01-31,FVG,24,10,14,24,ITH,ITH4,6,Friuli-Venezia Giulia
2025-01-14,FVG,7,1,6,7,ITH,ITH4,6,Friuli-Venezia Giulia
2024-11-12,ABR,12,9,3,12,ITF,ITF1,13,Abruzzo
2024-10-14,ABR,74,48,26,74,ITF,ITF1,13,Abruzzo
2024-11-16,PAT,65,30,35,65,ITH,ITH2,4,Provincia Autonoma Trento
2024-12-12,VEN,742,326,416,742,ITH,ITH3,5,Veneto
2024-11-19,EMR,3854,1804,2050,3854,ITH,ITH5,8,Emilia-Romagna
2025-01-03,SIC,22,12,10,22,ITG,ITG1,19,Sicilia
2024-10-22,MAR,372,188,184,372,ITI,ITI3,11,Marche
2024-11-20,LIG,598,296,302,598,ITC,ITC3,7,Liguria
2024-12-20,SIC,127,72,55,127,ITG,ITG1,19,Sicilia
2024-10-16,EMR,3580,1722,1858,3580,ITH,ITH5,8,Emilia-Romagna
2024-10-18,LIG,301,162,139,301,ITC,ITC3,7,Liguria
2024-10-31,MOL,28,15,13,28,ITF,ITF2,14,Molise
2024-12-31,EMR,21,13,8,21,ITH,ITH5,8,Emilia-Romagna
2025-02-22,SIC,2,1,1,2,ITG,ITG1,19,Sicilia
2024-12-24,TOS,10,5,5,10,ITI,ITI1,9,Toscana
2025-01-23,LIG,25,9,16,25,ITC,ITC3,7,Liguria
2025-03-14,PIE,5,1,4,5,ITC,ITC1,1,Piemonte
2024-10-12,EMR,657,312,345,657,ITH,ITH5,8,Emilia-Romagna
2024-10-16,SAR,20,12,8,20,ITG,ITG2,20,Sardegna
2024-10-19,SIC,4,2,2,4,ITG,ITG1,19,Sicilia
2024-11-01,PIE,36,12,24,36,ITC,ITC1,1,Piemonte
2024-10-24,CAM,56,29,27,56,ITF,ITF3,15,Campania
2024-10-09,CAM,24,12,12,24,ITF,ITF3,15,Campania
2024-11-10,VEN,79,42,37,79,ITH,ITH3,5,Veneto
2024-12-21,PUG,15,7,8,15,ITF,ITF4,16,Puglia
2024-12-18,TOS,339,167,172,339,ITI,ITI1,9,Toscana
2025-02-08,LOM,26,11,15,26,ITC,ITC4,3,Lombardia
2024-11-06,CAM,91,50,41,91,ITF,ITF3,15,Campania
2024-10-15,VDA,81,45,36,81,ITC,ITC2,2,Valle d'Aosta / Vallée d'Aoste
2024-12-17,BAS,25,18,7,25,ITF,ITF5,17,Basilicata
2025-01-20,PIE,47,24,23,47,ITC,ITC1,1,Piemonte
2024-10-08,LAZ,252,137,115,252,ITI,ITI4,12,Lazio
2024-11-24,EMR,273,136,137,273,ITH,ITH5,8,Emilia-Romagna
2024-12-03,PAT,101,36,65,101,ITH,ITH2,4,Provincia Autonoma Trento
2024-10-20,LAZ,57,26,31,57,ITI,ITI4,12,Lazio
2025-02-07,LOM,66,18,48,66,ITC,ITC4,3,Lombardia
2024-11-24,VEN,18,8,10,18,ITH,ITH3,5,Veneto
2024-11-14,FVG,1035,488,547,1035,ITH,ITH4,6,Friuli-Venezia Giulia
2024-12-07,EMR,382,176,206,382,ITH,ITH5,8,Emilia-Romagna
2024-10-18,PAB,264,127,137,264,ITH,ITH1,4,Provincia Autonoma Bolzano / Bozen
2024-11-08,CAM,132,77,55,132,ITF,ITF3,15,Campania
2025-01-21,PIE,44,25,19,44,ITC,ITC1,1,Piemonte
2024-10-26,EMR,2280,1093,1187,2280,ITH,ITH5,8,Emilia-Romagna
2024-12-02,VEN,783,327,456,783,ITH,ITH3,5,Veneto
2024-11-19,LOM,5901,2710,3191,5901,ITC,ITC4,3,Lombardia
2024-09-20,PUG,6,3,3,6,ITF,ITF4,16,Puglia
2024-11-18,BAS,32,15,17,32,ITF,ITF5,17,Basilicata
2024-11-04,VDA,87,43,44,87,ITC,ITC2,2,Valle d'Aosta / Vallée d'Aoste
2024-11-06,PAT,531,260,271,531,ITH,ITH2,4,Provincia Autonoma Trento
2024-10-16,VEN,1184,615,569,1184,ITH,ITH3,5,Veneto
2024-12-12,EMR,1158,556,602,1158,ITH,ITH5,8,Emilia-Romagna
2024-11-06,PUG,776,427,349,776,ITF,ITF4,16,Puglia
2024-12-06,LAZ,929,470,459,929,ITI,ITI4,12,Lazio
2024-10-30,MAR,462,224,238,462,ITI,ITI3,11,Marche
2024-11-18,SAR,218,102,116,218,ITG,ITG2,20,Sardegna
2024-12-27,PIE,72,28,44,72,ITC,ITC1,1,Piemonte
2024-10-01,LOM,402,227,175,402,ITC,ITC4,3,Lombardia
2024-11-11,CAM,168,99,69,168,ITF,ITF3,15,Campania
2025-01-30,LAZ,42,18,24,42,ITI,ITI4,12,Lazio
2025-01-21,EMR,110,50,60,110,ITH,ITH5,8,Emilia-Romagna
2024-10-22,SIC,50,27,23,50,ITG,ITG1,19,Sicilia
2024-12-03,BAS,27,16,11,27,ITF,ITF5,17,Basilicata
2024-10-25,PIE,2383,1180,1203,2383,ITC,ITC1,1,Piemonte
2025-03-07,VEN,57,19,38,57,ITH,ITH3,5,Veneto
2025-03-03,PUG,8,4,4,8,ITF,ITF4,16,Puglia
2024-12-05,LAZ,903,446,457,903,ITI,ITI4,12,Lazio
2024-11-08,VEN,2619,1268,1351,2619,ITH,ITH3,5,Veneto
2024-12-18,VDA,19,6,13,19,ITC,ITC2,2,Valle d'Aosta / Vallée d'Aoste
2024-10-21,CAL,20,14,6,20,ITF,ITF6,18,Calabria
2025-02-27,EMR,17,7,10,17,ITH,ITH5,8,Emilia-Romagna
2024-10-28,PIE,1231,593,638,1231,ITC,ITC1,1,Piemonte
2024-12-15,LOM,102,53,49,102,ITC,ITC4,3,Lombardia
2024-12-08,TOS,14,7,7,14,ITI,ITI1,9,Toscana
2024-11-11,PIE,1362,647,715,1362,ITC,ITC1,1,Piemonte
2024-12-11,VEN,911,411,500,911,ITH,ITH3,5,Veneto
2024-11-15,FVG,861,443,418,861,ITH,ITH4,6,Friuli-Venezia Giulia
2024-12-06,TOS,872,409,463,872,ITI,ITI1,9,Toscana
2024-10-29,SIC,121,66,55,121,ITG,ITG1,19,Sicilia
2025-02-18,VEN,18,2,16,18,ITH,ITH3,5,Veneto
2024-12-20,TOS,320,148,172,320,ITI,ITI1,9,Toscana
2024-11-07,CAM,164,93,71,164,ITF,ITF3,15,Campania
2025-01-04,EMR,8,5,3,8,ITH,ITH5,8,Emilia-Romagna
2025-01-03,TOS,35,18,17,35,ITI,ITI1,9,Toscana
2025-02-05,SIC,16,7,9,16,ITG,ITG1,19,Sicilia
2024-12-11,UMB,40,21,19,40,ITI,ITI2,10,Umbria
2024-12-29,LAZ,1,1,0,1,ITI,ITI4,12,Lazio
2024-12-10,SIC,128,59,69,128,ITG,ITG1,19,Sicilia
2025-01-17,PAT,4,1,3,4,ITH,ITH2,4,Provincia Autonoma Trento
2025-02-25,VEN,65,17,48,65,ITH,ITH3,5,Veneto
2024-12-02,SIC,112,61,51,112,ITG,ITG1,19,Sicilia
2024-11-08,UMB,43,19,24,43,ITI,ITI2,10,Umbria
2024-11-29,LAZ,1077,504,573,1077,ITI,ITI4,12,Lazio
2025-01-21,LOM,177,65,112,177,ITC,ITC4,3,Lombardia
2024-12-13,UMB,16,8,8,16,ITI,ITI2,10,Umbria
2024-12-21,FVG,4,2,2,4,ITH,ITH4,6,Friuli-Venezia Giulia
2024-12-23,LOM,506,225,281,506,ITC,ITC4,3,Lombardia
2025-03-14,VEN,14,5,9,14,ITH,ITH3,5,Veneto
2025-01-28,EMR,86,47,39,86,ITH,ITH5,8,Emilia-Romagna
2024-11-13,MAR,642,312,330,642,ITI,ITI3,11,Marche
2024-11-20,VDA,105,44,61,105,ITC,ITC2,2,Valle d'Aosta / Vallée d'Aoste
2025-01-24,UMB,11,4,7,11,ITI,ITI2,10,Umbria
2025-01-24,PIE,46,19,27,46,ITC,ITC1,1,Piemonte
2024-10-11,VEN,911,484,427,911,ITH,ITH3,5,Veneto
2024-10-09,VEN,562,283,279,562,ITH,ITH3,5,Veneto
2024-10-20,TOS,44,18,26,44,ITI,ITI1,9,Toscana
2025-01-27,PIE,13,6,7,13,ITC,ITC1,1,Piemonte
2024-11-07,PIE,2365,1105,1260,2365,ITC,ITC1,1,Piemonte
2024-10-24,VEN,2236,1040,1196,2236,ITH,ITH3,5,Veneto
2024-10-07,TOS,178,88,90,178,ITI,ITI1,9,Toscana
2025-01-28,PAB,10,4,6,10,ITH,ITH1,4,Provincia Autonoma Bolzano / Bozen
2025-01-18,LOM,56,27,29,56,ITC,ITC4,3,Lombardia
2025-03-17,LAZ,3,2,1,3,ITI,ITI4,12,Lazio
2024-12-13,MOL,4,2,2,4,ITF,ITF2,14,Molise
2024-11-18,UMB,12,7,5,12,ITI,ITI2,10,Umbria
2024-12-27,CAM,15,6,9,15,ITF,ITF3,15,Campania
2025-02-27,LOM,25,8,17,25,ITC,ITC4,3,Lombardia
2024-11-15,CAL,46,24,22,46,ITF,ITF6,18,Calabria
2024-12-30,PIE,102,40,62,102,ITC,ITC1,1,Piemonte
2024-10-24,UMB,56,28,28,56,ITI,ITI2,10,Umbria
2024-10-19,TOS,567,275,292,567,ITI,ITI1,9,Toscana
2024-11-15,CAM,114,64,50,114,ITF,ITF3,15,Campania
2024-12-18,FVG,157,73,84,157,ITH,ITH4,6,Friuli-Venezia Giulia
2024-11-14,BAS,56,30,26,56,ITF,ITF5,17,Basilicata
2025-01-02,SIC,18,8,10,18,ITG,ITG1,19,Sicilia
2024-09-23,PUG,5,1,4,5,ITF,ITF4,16,Puglia
2024-12-11,MOL,4,2,2,4,ITF,ITF2,14,Molise
2024-10-10,PAT,8,4,4,8,ITH,ITH2,4,Provincia Autonoma Trento
2025-01-02,MAR,6,4,2,6,ITI,ITI3,11,Marche
2025-02-03,LIG,7,2,5,7,ITC,ITC3,7,Liguria
2024-11-26,BAS,29,14,15,29,ITF,ITF5,17,Basilicata
2024-11-26,MOL,5,3,2,5,ITF,ITF2,14,Molise
2025-02-06,PAT,6,2,4,6,ITH,ITH2,4,Provincia Autonoma Trento
2025-02-25,UMB,2,1,1,2,ITI,ITI2,10,Umbria
2024-11-16,SAR,2,1,1,2,ITG,ITG2,20,Sardegna
2024-10-11,MOL,6,2,4,6,ITF,ITF2,14,Molise
2025-02-28,PUG,2,0,2,2,ITF,ITF4,16,Puglia
2024-12-28,SIC,10,9,1,10,ITG,ITG1,19,Sicilia
2024-11-03,MAR,1,1,0,1,ITI,ITI3,11,Marche
2025-02-28,FVG,2,1,1,2,ITH,ITH4,6,Friuli-Venezia Giulia
2025-01-01,LAZ,1,1,0,1,ITI,ITI4,12,Lazio
2024-11-01,PAB,1,0,1,1,ITH,ITH1,4,Provincia Autonoma Bolzano / Bozen
2024-10-11,UMB,2,1,1,2,ITI,ITI2,10,Umbria
2025-03-04,FVG,1,0,1,1,ITH,ITH4,6,Friuli-Venezia Giulia
2024-11-21,SIC,203,110,93,203,ITG,ITG1,19,Sicilia
2025-01-28,VEN,107,49,58,107,ITH,ITH3,5,Veneto
2024-10-24,EMR,5834,2800,3034,5834,ITH,ITH5,8,Emilia-Romagna
2024-12-23,PIE,166,77,89,166,ITC,ITC1,1,Piemonte
2024-11-08,PAB,368,178,190,368,ITH,ITH1,4,Provincia Autonoma Bolzano / Bozen
2024-11-12,MOL,13,10,3,13,ITF,ITF2,14,Molise
2024-10-05,PUG,29,24,5,29,ITF,ITF4,16,Puglia
2024-10-18,SIC,47,26,21,47,ITG,ITG1,19,Sicilia
2024-12-10,LAZ,670,320,350,670,ITI,ITI4,12,Lazio
2024-10-24,SAR,120,70,50,120,ITG,ITG2,20,Sardegna
2024-12-06,VDA,23,12,11,23,ITC,ITC2,2,Valle d'Aosta / Vallée d'Aoste
2025-01-23,MAR,14,9,5,14,ITI,ITI3,11,Marche
2024-10-09,LOM,1838,866,972,1838,ITC,ITC4,3,Lombardia
2024-12-04,LIG,434,207,227,434,ITC,ITC3,7,Liguria
2024-12-15,PIE,61,34,27,61,ITC,ITC1,1,Piemonte
2025-02-01,PUG,1,1,0,1,ITF,ITF4,16,Puglia
2025-02-13,LIG,9,5,4,9,ITC,ITC3,7,Liguria
2024-11-06,EMR,6225,2967,3258,6225,ITH,ITH5,8,Emilia-Romagna
2025-02-27,VEN,5,2,3,5,ITH,ITH3,5,Veneto
2024-10-21,PUG,312,155,157,312,ITF,ITF4,16,Puglia
2025-01-20,LOM,152,58,94,152,ITC,ITC4,3,Lombardia
2024-10-08,TOS,199,83,116,199,ITI,ITI1,9,Toscana
2024-12-12,LOM,1780,740,1040,1780,ITC,ITC4,3,Lombardia
2024-11-12,LIG,803,407,396,803,ITC,ITC3,7,Liguria
2024-11-19,PIE,1763,818,945,1763,ITC,ITC1,1,Piemonte
2024-10-16,PIE,452,252,200,452,ITC,ITC1,1,Piemonte
2024-11-14,EMR,4986,2370,2616,4986,ITH,ITH5,8,Emilia-Romagna
2025-01-02,PUG,57,29,28,57,ITF,ITF4,16,Puglia
2024-12-05,EMR,1804,853,951,1804,ITH,ITH5,8,Emilia-Romagna
2025-02-12,TOS,21,9,12,21,ITI,ITI1,9,Toscana
2024-10-30,LIG,625,330,295,625,ITC,ITC3,7,Liguria
2024-12-02,UMB,11,3,8,11,ITI,ITI2,10,Umbria
2024-12-20,PUG,292,146,146,292,ITF,ITF4,16,Puglia
2024-11-29,ABR,128,64,64,128,ITF,ITF1,13,Abruzzo
2025-02-20,PIE,17,4,13,17,ITC,ITC1,1,Piemonte
2024-12-27,VDA,5,3,2,5,ITC,ITC2,2,Valle d'Aosta / Vallée d'Aoste
2025-01-09,UMB,12,6,6,12,ITI,ITI2,10,Umbria
2024-11-24,TOS,43,12,31,43,ITI,ITI1,9,Toscana
2024-11-12,LOM,7649,3629,4020,7649,ITC,ITC4,3,Lombardia
2024-12-20,PAT,57,29,28,57,ITH,ITH2,4,Provincia Autonoma Trento
2024-11-19,CAM,173,94,79,173,ITF,ITF3,15,Campania
2024-12-11,MAR,190,81,109,190,ITI,ITI3,11,Marche
2024-10-14,LOM,4870,2358,2512,4870,ITC,ITC4,3,Lombardia
2024-10-12,PIE,52,25,27,52,ITC,ITC1,1,Piemonte
2024-11-04,CAL,77,44,33,77,ITF,ITF6,18,Calabria
2024-12-14,PIE,219,118,101,219,ITC,ITC1,1,Piemonte
2024-12-12,LIG,435,191,244,435,ITC,ITC3,7,Liguria
2025-01-15,LIG,56,21,35,56,ITC,ITC3,7,Liguria
2024-10-02,EMR,15,7,8,15,ITH,ITH5,8,Emilia-Romagna
2025-01-25,PIE,8,3,5,8,ITC,ITC1,1,Piemonte
2024-11-26,LOM,4448,2075,2373,4448,ITC,ITC4,3,Lombardia
2025-02-17,LOM,83,37,46,83,ITC,ITC4,3,Lombardia
2024-10-21,ABR,94,52,42,94,ITF,ITF1,13,Abruzzo
2024-12-18,CAM,91,45,46,91,ITF,ITF3,15,Campania
2024-09-20,FVG,23,12,11,23,ITH,ITH4,6,Friuli-Venezia Giulia
2024-11-12,FVG,1056,463,593,1056,ITH,ITH4,6,Friuli-Venezia Giulia
2024-12-07,VEN,103,48,55,103,ITH,ITH3,5,Veneto
2025-02-04,LOM,107,52,55,107,ITC,ITC4,3,Lombardia
2024-12-31,CAM,8,4,4,8,ITF,ITF3,15,Campania
2025-01-31,PUG,26,15,11,26,ITF,ITF4,16,Puglia
2024-11-13,PAB,424,214,210,424,ITH,ITH1,4,Provincia Autonoma Bolzano / Bozen
2024-12-13,SIC,121,60,61,121,ITG,ITG1,19,Sicilia
2024-11-24,PIE,42,18,24,42,ITC,ITC1,1,Piemonte
2024-11-20,PUG,747,373,374,747,ITF,ITF4,16,Puglia
2025-01-09,FVG,31,16,15,31,ITH,ITH4,6,Friuli-Venezia Giulia
2024-12-06,PUG,508,270,238,508,ITF,ITF4,16,Puglia
2024-10-29,UMB,24,15,9,24,ITI,ITI2,10,Umbria
2024-11-20,CAL,71,32,39,71,ITF,ITF6,18,Calabria
2024-09-24,LIG,8,4,4,8,ITC,ITC3,7,Liguria
2024-10-04,LOM,672,322,350,672,ITC,ITC4,3,Lombardia
2025-01-10,LOM,469,175,294,469,ITC,ITC4,3,Lombardia
2024-11-27,SIC,171,96,75,171,ITG,ITG1,19,Sicilia
2024-12-20,MAR,99,52,47,99,ITI,ITI3,11,Marche
2024-11-04,LIG,186,91,95,186,ITC,ITC3,7,Liguria
2024-10-29,SAR,154,88,66,154,ITG,ITG2,20,Sardegna
2024-10-30,UMB,18,9,9,18,ITI,ITI2,10,Umbria
2025-01-17,TOS,47,20,27,47,ITI,ITI1,9,Toscana
2024-11-20,PAT,376,177,199,376,ITH,ITH2,4,Provincia Autonoma Trento
2024-11-02,LOM,2059,995,1064,2059,ITC,ITC4,3,Lombardia
2024-11-29,EMR,2239,1028,1211,2239,ITH,ITH5,8,Emilia-Romagna
2024-10-29,VEN,2174,1071,1103,2174,ITH,ITH3,5,Veneto
2024-11-17,LAZ,43,22,21,43,ITI,ITI4,12,Lazio
2024-11-09,FVG,458,239,219,458,ITH,ITH4,6,Friuli-Venezia Giulia
2024-12-17,FVG,247,114,133,247,ITH,ITH4,6,Friuli-Venezia Giulia
2024-12-12,PIE,633,301,332,633,ITC,ITC1,1,Piemonte
2024-11-30,LAZ,243,109,134,243,ITI,ITI4,12,Lazio
2024-12-31,LOM,90,49,41,90,ITC,ITC4,3,Lombardia
2025-02-08,VEN,3,1,2,3,ITH,ITH3,5,Veneto
2025-01-07,LAZ,73,36,37,73,ITI,ITI4,12,Lazio
2024-12-06,PAT,108,33,75,108,ITH,ITH2,4,Provincia Autonoma Trento
2025-01-03,FVG,59,29,30,59,ITH,ITH4,6,Friuli-Venezia Giulia
2024-11-03,SAR,13,6,7,13,ITG,ITG2,20,Sardegna
2024-12-13,LAZ,638,262,376,638,ITI,ITI4,12,Lazio
2024-12-22,LOM,16,8,8,16,ITC,ITC4,3,Lombardia
2024-10-28,FVG,340,160,180,340,ITH,ITH4,6,Friuli-Venezia Giulia
2024-10-21,LOM,8414,4183,4231,8414,ITC,ITC4,3,Lombardia
2024-12-06,VEN,1034,427,607,1034,ITH,ITH3,5,Veneto
2024-11-13,TOS,2608,1241,1367,2608,ITI,ITI1,9,Toscana
2024-10-31,VDA,95,42,53,95,ITC,ITC2,2,Valle d'Aosta / Vallée d'Aoste
2024-11-04,CAM,106,61,45,106,ITF,ITF3,15,Campania
2025-03-07,PIE,9,3,6,9,ITC,ITC1,1,Piemonte
2024-11-06,MOL,12,4,8,12,ITF,ITF2,14,Molise
2024-11-26,CAL,62,30,32,62,ITF,ITF6,18,Calabria
2024-10-22,FVG,265,132,133,265,ITH,ITH4,6,Friuli-Venezia Giulia
2024-12-14,TOS,68,38,30,68,ITI,ITI1,9,Toscana
2025-02-08,PUG,5,4,1,5,ITF,ITF4,16,Puglia
2024-12-06,SAR,4,1,3,4,ITG,ITG2,20,Sardegna
2025-02-21,PAT,30,7,23,30,ITH,ITH2,4,Provincia Autonoma Trento
2025-01-14,LOM,215,94,121,215,ITC,ITC4,3,Lombardia
2024-10-21,EMR,2759,1314,1445,2759,ITH,ITH5,8,Emilia-Romagna
2024-10-13,LOM,197,99,98,197,ITC,ITC4,3,Lombardia
2024-12-02,EMR,1243,602,641,1243,ITH,ITH5,8,Emilia-Romagna
2025-03-18,PUG,4,1,3,4,ITF,ITF4,16,Puglia
2024-11-09,LOM,5531,2710,2821,5531,ITC,ITC4,3,Lombardia
2024-12-07,LOM,589,302,287,589,ITC,ITC4,3,Lombardia
2024-10-04,EMR,117,34,83,117,ITH,ITH5,8,Emilia-Romagna
2024-10-11,SIC,11,6,5,11,ITG,ITG1,19,Sicilia
2025-03-10,PAB,3,1,2,3,ITH,ITH1,4,Provincia Autonoma Bolzano / Bozen
2025-01-10,ABR,6,2,4,6,ITF,ITF1,13,Abruzzo
2024-12-18,PIE,510,224,286,510,ITC,ITC1,1,Piemonte
2024-10-19,EMR,1450,702,748,1450,ITH,ITH5,8,Emilia-Romagna
2024-12-13,BAS,23,9,14,23,ITF,ITF5,17,Basilicata
2024-10-22,UMB,18,10,8,18,ITI,ITI2,10,Umbria
2025-01-15,PAB,11,4,7,11,ITH,ITH1,4,Provincia Autonoma Bolzano / Bozen
2025-03-10,VEN,2,1,1,2,ITH,ITH3,5,Veneto
2024-10-31,ABR,170,86,84,170,ITF,ITF1,13,Abruzzo
2024-12-03,UMB,8,5,3,8,ITI,ITI2,10,Umbria
2024-11-16,MOL,20,11,9,20,ITF,ITF2,14,Molise
2024-12-12,CAM,57,35,22,57,ITF,ITF3,15,Campania
2024-10-30,PAB,13,5,8,13,ITH,ITH1,4,Provincia Autonoma Bolzano / Bozen
2024-11-25,MOL,6,3,3,6,ITF,ITF2,14,Molise
2025-03-10,TOS,5,1,4,5,ITI,ITI1,9,Toscana
2025-03-06,LAZ,7,4,3,7,ITI,ITI4,12,Lazio
2025-01-01,PUG,6,4,2,6,ITF,ITF4,16,Puglia
2025-02-05,PIE,5,2,3,5,ITC,ITC1,1,Piemonte
2024-12-27,EMR,98,42,56,98,ITH,ITH5,8,Emilia-Romagna
2024-10-31,CAM,117,65,52,117,ITF,ITF3,15,Campania
2024-11-16,VDA,22,10,12,22,ITC,ITC2,2,Valle d'Aosta / Vallée d'Aoste
2025-02-28,LOM,20,11,9,20,ITC,ITC4,3,Lombardia
2025-02-11,FVG,9,7,2,9,ITH,ITH4,6,Friuli-Venezia Giulia
2025-01-10,CAM,19,7,12,19,ITF,ITF3,15,Campania
2025-01-14,PIE,108,55,53,108,ITC,ITC1,1,Piemonte
2025-01-08,ABR,6,4,2,6,ITF,ITF1,13,Abruzzo
2024-10-24,FVG,445,234,211,445,ITH,ITH4,6,Friuli-Venezia Giulia
2024-10-20,EMR,274,131,143,274,ITH,ITH5,8,Emilia-Romagna
2024-11-30,MAR,28,13,15,28,ITI,ITI3,11,Marche
2024-11-24,LAZ,60,29,31,60,ITI,ITI4,12,Lazio
2024-12-31,PIE,19,7,12,19,ITC,ITC1,1,Piemonte
2024-12-20,MOL,2,2,0,2,ITF,ITF2,14,Molise
2025-02-18,PUG,6,3,3,6,ITF,ITF4,16,Puglia
2024-11-28,VDA,25,15,10,25,ITC,ITC2,2,Valle d'Aosta / Vallée d'Aoste
2024-10-04,PIE,24,9,15,24,ITC,ITC1,1,Piemonte
2024-10-27,MAR,3,1,2,3,ITI,ITI3,11,Marche
2024-11-01,FVG,5,2,3,5,ITH,ITH4,6,Friuli-Venezia Giulia
2025-01-20,UMB,2,2,0,2,ITI,ITI2,10,Umbria
2025-01-10,PAB,1,1,0,1,ITH,ITH1,4,Provincia Autonoma Bolzano / Bozen
2025-02-11,PAT,2,0,2,2,ITH,ITH2,4,Provincia Autonoma Trento
2024-11-25,VDA,20,8,12,20,ITC,ITC2,2,Valle d'Aosta / Vallée d'Aoste
2024-11-02,CAL,7,1,6,7,ITF,ITF6,18,Calabria
2025-01-07,MAR,24,15,9,24,ITI,ITI3,11,Marche
2025-02-19,PAT,6,2,4,6,ITH,ITH2,4,Provincia Autonoma Trento
2025-01-12,VEN,1,0,1,1,ITH,ITH3,5,Veneto
2025-02-01,LIG,1,1,0,1,ITC,ITC3,7,Liguria
2025-02-17,LIG,3,0,3,3,ITC,ITC3,7,Liguria
2025-02-24,SIC,4,3,1,4,ITG,ITG1,19,Sicilia
2024-10-04,CAM,11,7,4,11,ITF,ITF3,15,Campania
2025-02-19,PUG,4,2,2,4,ITF,ITF4,16,Puglia
2025-02-09,LOM,1,1,0,1,ITC,ITC4,3,Lombardia
2024-09-30,PUG,8,5,3,8,ITF,ITF4,16,Puglia
2025-03-10,LAZ,8,5,3,8,ITI,ITI4,12,Lazio
2024-10-23,BAS,19,9,10,19,ITF,ITF5,17,Basilicata
2024-10-19,UMB,3,0,3,3,ITI,ITI2,10,Umbria
2024-11-09,PAB,1,1,0,1,ITH,ITH1,4,Provincia Autonoma Bolzano / Bozen
2025-01-20,FVG,9,6,3,9,ITH,ITH4,6,Friuli-Venezia Giulia
2024-12-26,MAR,1,1,0,1,ITI,ITI3,11,Marche
2024-10-14,PAB,5,4,1,5,ITH,ITH1,4,Provincia Autonoma Bolzano / Bozen
2025-01-06,VEN,1,0,1,1,ITH,ITH3,5,Veneto
2025-03-05,SIC,2,2,0,2,ITG,ITG1,19,Sicilia
2025-01-18,FVG,2,1,1,2,ITH,ITH4,6,Friuli-Venezia Giulia
2025-01-16,VDA,1,0,1,1,ITC,ITC2,2,Valle d'Aosta / Vallée d'Aoste
2025-03-17,VEN,2,2,0,2,ITH,ITH3,5,Veneto
2025-03-12,MAR,1,0,1,1,ITI,ITI3,11,Marche
2024-11-21,ABR,235,131,104,235,ITF,ITF1,13,Abruzzo
2024-12-11,FVG,273,117,156,273,ITH,ITH4,6,Friuli-Venezia Giulia
2024-11-20,BAS,40,22,18,40,ITF,ITF5,17,Basilicata
2025-01-15,LOM,296,100,196,296,ITC,ITC4,3,Lombardia
2024-12-16,PUG,202,106,96,202,ITF,ITF4,16,Puglia
2025-01-30,PIE,67,22,45,67,ITC,ITC1,1,Piemonte
2024-10-18,PAT,532,250,282,532,ITH,ITH2,4,Provincia Autonoma Trento
2025-02-24,EMR,16,8,8,16,ITH,ITH5,8,Emilia-Romagna
2024-10-22,CAL,18,12,6,18,ITF,ITF6,18,Calabria
2024-12-19,PIE,457,195,262,457,ITC,ITC1,1,Piemonte
2025-01-17,LAZ,82,38,44,82,ITI,ITI4,12,Lazio
2024-10-29,FVG,390,176,214,390,ITH,ITH4,6,Friuli-Venezia Giulia
2024-12-18,SAR,53,22,31,53,ITG,ITG2,20,Sardegna
2024-10-22,ABR,153,82,71,153,ITF,ITF1,13,Abruzzo
2024-12-16,PAT,23,9,14,23,ITH,ITH2,4,Provincia Autonoma Trento
2024-10-07,SAR,29,13,16,29,ITG,ITG2,20,Sardegna
2025-02-14,LOM,180,79,101,180,ITC,ITC4,3,Lombardia
2024-11-19,VDA,38,13,25,38,ITC,ITC2,2,Valle d'Aosta / Vallée d'Aoste
2024-09-25,LAZ,16,8,8,16,ITI,ITI4,12,Lazio
2024-11-05,EMR,4907,2351,2556,4907,ITH,ITH5,8,Emilia-Romagna
2024-12-07,FVG,58,20,38,58,ITH,ITH4,6,Friuli-Venezia Giulia
2024-12-23,TOS,118,51,67,118,ITI,ITI1,9,Toscana
2024-11-03,PUG,1,1,0,1,ITF,ITF4,16,Puglia
2024-11-25,BAS,31,17,14,31,ITF,ITF5,17,Basilicata
2024-10-11,VDA,97,49,48,97,ITC,ITC2,2,Valle d'Aosta / Vallée d'Aoste
2024-12-16,BAS,29,15,14,29,ITF,ITF5,17,Basilicata
2025-03-13,PIE,13,7,6,13,ITC,ITC1,1,Piemonte
2024-11-03,CAM,5,2,3,5,ITF,ITF3,15,Campania
2025-01-03,VEN,100,40,60,100,ITH,ITH3,5,Veneto
2024-11-14,LAZ,1704,830,874,1704,ITI,ITI4,12,Lazio
2024-10-10,LIG,53,25,28,53,ITC,ITC3,7,Liguria
2024-12-03,MAR,281,137,144,281,ITI,ITI3,11,Marche
2024-11-07,LAZ,1919,904,1015,1919,ITI,ITI4,12,Lazio
2025-01-22,VDA,4,1,3,4,ITC,ITC2,2,Valle d'Aosta / Vallée d'Aoste
2025-01-11,ABR,2,1,1,2,ITF,ITF1,13,Abruzzo
2024-10-16,VDA,234,117,117,234,ITC,ITC2,2,Valle d'Aosta / Vallée d'Aoste
2024-09-30,FVG,22,11,11,22,ITH,ITH4,6,Friuli-Venezia Giulia
2024-10-19,LOM,4658,2371,2287,4658,ITC,ITC4,3,Lombardia
2025-01-03,EMR,168,77,91,168,ITH,ITH5,8,Emilia-Romagna
2025-02-28,VEN,20,12,8,20,ITH,ITH3,5,Veneto
2024-12-09,PIE,495,230,265,495,ITC,ITC1,1,Piemonte
2024-12-24,SIC,21,10,11,21,ITG,ITG1,19,Sicilia
2024-12-16,CAM,118,65,53,118,ITF,ITF3,15,Campania
2024-11-28,PAB,128,63,65,128,ITH,ITH1,4,Provincia Autonoma Bolzano / Bozen
2024-11-09,VDA,78,40,38,78,ITC,ITC2,2,Valle d'Aosta / Vallée d'Aoste
2025-01-27,LAZ,38,19,19,38,ITI,ITI4,12,Lazio
2024-10-28,TOS,2002,938,1064,2002,ITI,ITI1,9,Toscana
2024-10-30,LOM,8057,3817,4240,8057,ITC,ITC4,3,Lombardia
2025-01-14,LIG,70,24,46,70,ITC,ITC3,7,Liguria
2024-10-06,LOM,2173,1109,1064,2173,ITC,ITC4,3,Lombardia
2024-10-09,LAZ,215,105,110,215,ITI,ITI4,12,Lazio
2024-11-28,LOM,3533,1613,1920,3533,ITC,ITC4,3,Lombardia
2024-12-30,LAZ,137,64,73,137,ITI,ITI4,12,Lazio
2024-12-19,ABR,39,20,19,39,ITF,ITF1,13,Abruzzo
2025-01-21,SIC,20,12,8,20,ITG,ITG1,19,Sicilia
2025-01-22,SIC,21,9,12,21,ITG,ITG1,19,Sicilia
2024-09-21,LOM,33,15,18,33,ITC,ITC4,3,Lombardia
2024-10-31,FVG,557,271,286,557,ITH,ITH4,6,Friuli-Venezia Giulia
2024-11-21,CAL,62,35,27,62,ITF,ITF6,18,Calabria
2024-11-20,ABR,141,66,75,141,ITF,ITF1,13,Abruzzo
2024-12-05,CAM,82,42,40,82,ITF,ITF3,15,Campania
2024-12-19,CAL,15,7,8,15,ITF,ITF6,18,Calabria
2025-03-17,PIE,5,2,3,5,ITC,ITC1,1,Piemonte
2025-02-27,MAR,6,2,4,6,ITI,ITI3,11,Marche
2025-03-14,MAR,6,5,1,6,ITI,ITI3,11,Marche
2024-12-26,FVG,45,8,37,45,ITH,ITH4,6,Friuli-Venezia Giulia
2024-12-31,MAR,3,2,1,3,ITI,ITI3,11,Marche
2024-10-21,UMB,4,0,4,4,ITI,ITI2,10,Umbria
2024-10-11,FVG,1,1,0,1,ITH,ITH4,6,Friuli-Venezia Giulia
2025-02-10,VEN,11,3,8,11,ITH,ITH3,5,Veneto
2024-11-03,TOS,2,0,2,2,ITI,ITI1,9,Toscana
2024-12-19,VDA,7,4,3,7,ITC,ITC2,2,Valle d'Aosta / Vallée d'Aoste
2025-02-18,FVG,3,3,0,3,ITH,ITH4,6,Friuli-Venezia Giulia
2024-11-10,LIG,1,0,1,1,ITC,ITC3,7,Liguria
2024-12-03,VDA,1,1,0,1,ITC,ITC2,2,Valle d'Aosta / Vallée d'Aoste
2025-03-04,ABR,1,0,1,1,ITF,ITF1,13,Abruzzo
2025-03-03,LAZ,4,1,3,4,ITI,ITI4,12,Lazio
2024-10-12,SIC,1,1,0,1,ITG,ITG1,19,Sicilia
2025-02-10,FVG,1,1,0,1,ITH,ITH4,6,Friuli-Venezia Giulia
2024-12-28,CAM,3,1,2,3,ITF,ITF3,15,Campania
2025-03-11,TOS,2,0,2,2,ITI,ITI1,9,Toscana
2024-12-11,TOS,593,283,310,593,ITI,ITI1,9,Toscana
2024-11-25,ABR,163,83,80,163,ITF,ITF1,13,Abruzzo
2025-02-25,TOS,18,9,9,18,ITI,ITI1,9,Toscana
2025-02-01,LOM,23,6,17,23,ITC,ITC4,3,Lombardia
2024-11-04,ABR,259,140,119,259,ITF,ITF1,13,Abruzzo
2025-01-15,PAT,15,5,10,15,ITH,ITH2,4,Provincia Autonoma Trento
2024-11-25,CAL,137,74,63,137,ITF,ITF6,18,Calabria
2024-12-29,LOM,28,10,18,28,ITC,ITC4,3,Lombardia
2024-11-17,LOM,497,233,264,497,ITC,ITC4,3,Lombardia
2024-10-30,PUG,578,302,276,578,ITF,ITF4,16,Puglia
2024-10-09,LIG,102,54,48,102,ITC,ITC3,7,Liguria
2024-12-20,CAL,18,10,8,18,ITF,ITF6,18,Calabria
2024-11-08,SIC,177,96,81,177,ITG,ITG1,19,Sicilia
2024-11-17,VEN,6,3,3,6,ITH,ITH3,5,Veneto
2024-10-26,PUG,49,28,21,49,ITF,ITF4,16,Puglia
2024-12-31,LAZ,17,6,11,17,ITI,ITI4,12,Lazio
2024-10-16,TOS,1391,644,747,1391,ITI,ITI1,9,Toscana
2024-09-27,LIG,19,14,5,19,ITC,ITC3,7,Liguria
2024-12-20,ABR,47,21,26,47,ITF,ITF1,13,Abruzzo
2024-10-29,TOS,2573,1183,1390,2573,ITI,ITI1,9,Toscana
2024-11-27,EMR,3162,1478,1684,3162,ITH,ITH5,8,Emilia-Romagna
2024-11-07,LIG,905,439,466,905,ITC,ITC3,7,Liguria
2024-10-11,LAZ,351,193,158,351,ITI,ITI4,12,Lazio
2024-10-21,PAB,224,124,100,224,ITH,ITH1,4,Provincia Autonoma Bolzano / Bozen
2024-10-24,VDA,147,73,74,147,ITC,ITC2,2,Valle d'Aosta / Vallée d'Aoste
2025-02-11,EMR,24,12,12,24,ITH,ITH5,8,Emilia-Romagna
2024-11-24,PUG,10,5,5,10,ITF,ITF4,16,Puglia
2025-01-06,LOM,2,1,1,2,ITC,ITC4,3,Lombardia
2024-10-22,CAM,74,44,30,74,ITF,ITF3,15,Campania
2024-10-17,PIE,678,346,332,678,ITC,ITC1,1,Piemonte
2024-11-25,FVG,540,260,280,540,ITH,ITH4,6,Friuli-Venezia Giulia
2025-01-10,LAZ,71,29,42,71,ITI,ITI4,12,Lazio
2024-12-24,PIE,20,4,16,20,ITC,ITC1,1,Piemonte
2024-10-18,FVG,226,112,114,226,ITH,ITH4,6,Friuli-Venezia Giulia
2025-01-03,PUG,52,31,21,52,ITF,ITF4,16,Puglia
2024-12-30,LIG,22,10,12,22,ITC,ITC3,7,Liguria
2024-11-11,PAB,243,117,126,243,ITH,ITH1,4,Provincia Autonoma Bolzano / Bozen
2024-10-23,CAL,19,12,7,19,ITF,ITF6,18,Calabria
2025-02-06,LIG,18,12,6,18,ITC,ITC3,7,Liguria
2025-02-21,LOM,38,13,25,38,ITC,ITC4,3,Lombardia
2024-11-16,LAZ,444,236,208,444,ITI,ITI4,12,Lazio
2024-11-27,VEN,1863,919,944,1863,ITH,ITH3,5,Veneto
2025-03-04,LOM,59,25,34,59,ITC,ITC4,3,Lombardia
2025-01-23,PIE,27,13,14,27,ITC,ITC1,1,Piemonte
2024-11-22,VDA,69,36,33,69,ITC,ITC2,2,Valle d'Aosta / Vallée d'Aoste
2024-10-08,ABR,12,5,7,12,ITF,ITF1,13,Abruzzo
2024-12-09,VDA,4,1,3,4,ITC,ITC2,2,Valle d'Aosta / Vallée d'Aoste
2024-11-09,MAR,341,169,172,341,ITI,ITI3,11,Marche
2025-01-23,FVG,8,3,5,8,ITH,ITH4,6,Friuli-Venezia Giulia
2024-10-11,TOS,703,310,393,703,ITI,ITI1,9,Toscana
2025-01-27,LIG,22,3,19,22,ITC,ITC3,7,Liguria
2025-01-15,PUG,104,55,49,104,ITF,ITF4,16,Puglia
2024-11-29,LOM,3444,1584,1860,3444,ITC,ITC4,3,Lombardia
2024-12-21,EMR,131,57,74,131,ITH,ITH5,8,Emilia-Romagna
2024-12-19,CAM,67,36,31,67,ITF,ITF3,15,Campania
2024-10-12,TOS,266,118,148,266,ITI,ITI1,9,Toscana
2024-10-15,SAR,57,22,35,57,ITG,ITG2,20,Sardegna
2024-12-13,TOS,611,281,330,611,ITI,ITI1,9,Toscana
2024-12-12,VDA,22,7,15,22,ITC,ITC2,2,Valle d'Aosta / Vallée d'Aoste
2024-10-23,FVG,469,238,231,469,ITH,ITH4,6,Friuli-Venezia Giulia
2024-11-09,TOS,920,442,478,920,ITI,ITI1,9,Toscana
2024-11-18,MAR,213,109,104,213,ITI,ITI3,11,Marche
2025-01-13,SIC,24,16,8,24,ITG,ITG1,19,Sicilia
2025-01-28,LAZ,31,10,21,31,ITI,ITI4,12,Lazio
2024-11-23,PAT,30,14,16,30,ITH,ITH2,4,Provincia Autonoma Trento
2024-10-03,PAT,25,15,10,25,ITH,ITH2,4,Provincia Autonoma Trento
2024-11-04,UMB,46,25,21,46,ITI,ITI2,10,Umbria
2024-11-28,VEN,1892,886,1006,1892,ITH,ITH3,5,Veneto
2024-10-17,SAR,99,45,54,99,ITG,ITG2,20,Sardegna
2024-11-22,FVG,1029,469,560,1029,ITH,ITH4,6,Friuli-Venezia Giulia
2024-11-12,VDA,95,57,38,95,ITC,ITC2,2,Valle d'Aosta / Vallée d'Aoste
2024-11-23,PUG,88,50,38,88,ITF,ITF4,16,Puglia
2025-02-18,LAZ,27,10,17,27,ITI,ITI4,12,Lazio
2025-01-18,VEN,5,0,5,5,ITH,ITH3,5,Veneto
2024-11-05,PUG,728,395,333,728,ITF,ITF4,16,Puglia
2024-11-06,MAR,655,310,345,655,ITI,ITI3,11,Marche
2024-10-07,LOM,1036,507,529,1036,ITC,ITC4,3,Lombardia
2024-12-09,FVG,238,106,132,238,ITH,ITH4,6,Friuli-Venezia Giulia
2025-01-28,TOS,39,16,23,39,ITI,ITI1,9,Toscana
2024-09-24,LOM,62,33,29,62,ITC,ITC4,3,Lombardia
2024-11-26,TOS,1448,672,776,1448,ITI,ITI1,9,Toscana
2024-12-17,MAR,73,37,36,73,ITI,ITI3,11,Marche
2024-11-14,LIG,851,380,471,851,ITC,ITC3,7,Liguria
2025-01-18,SIC,3,2,1,3,ITG,ITG1,19,Sicilia
2024-11-10,SIC,1,0,1,1,ITG,ITG1,19,Sicilia
2025-02-03,LOM,66,31,35,66,ITC,ITC4,3,Lombardia
2025-01-04,SIC,10,6,4,10,ITG,ITG1,19,Sicilia
2025-01-21,MAR,22,9,13,22,ITI,ITI3,11,Marche
2024-11-28,PUG,674,334,340,674,ITF,ITF4,16,Puglia
2024-10-17,ABR,221,131,90,221,ITF,ITF1,13,Abruzzo
2024-11-28,EMR,2863,1398,1465,2863,ITH,ITH5,8,Emilia-Romagna
2024-11-11,LIG,415,206,209,415,ITC,ITC3,7,Liguria
2025-01-02,FVG,14,9,5,14,ITH,ITH4,6,Friuli-Venezia Giulia
2024-10-04,VDA,5,3,2,5,ITC,ITC2,2,Valle d'Aosta / Vallée d'Aoste
2025-02-11,VEN,18,13,5,18,ITH,ITH3,5,Veneto
2024-10-19,PAT,54,27,27,54,ITH,ITH2,4,Provincia Autonoma Trento
2024-12-16,FVG,240,101,139,240,ITH,ITH4,6,Friuli-Venezia Giulia
2025-01-29,SIC,24,16,8,24,ITG,ITG1,19,Sicilia
2024-10-31,PAT,284,130,154,284,ITH,ITH2,4,Provincia Autonoma Trento
2025-02-21,EMR,42,23,19,42,ITH,ITH5,8,Emilia-Romagna
2024-11-17,EMR,306,147,159,306,ITH,ITH5,8,Emilia-Romagna
2025-03-13,LOM,21,5,16,21,ITC,ITC4,3,Lombardia
2025-02-22,LOM,18,10,8,18,ITC,ITC4,3,Lombardia
2024-10-26,CAL,12,7,5,12,ITF,ITF6,18,Calabria
2025-03-03,SIC,4,2,2,4,ITG,ITG1,19,Sicilia
2024-10-20,PIE,6,2,4,6,ITC,ITC1,1,Piemonte
2025-01-04,TOS,3,1,2,3,ITI,ITI1,9,Toscana
2024-10-12,PUG,37,16,21,37,ITF,ITF4,16,Puglia
2025-02-01,EMR,1,1,0,1,ITH,ITH5,8,Emilia-Romagna
2025-03-18,PIE,2,0,2,2,ITC,ITC1,1,Piemonte
2025-01-17,SIC,25,12,13,25,ITG,ITG1,19,Sicilia
2025-02-07,PUG,7,3,4,7,ITF,ITF4,16,Puglia
2025-02-10,LAZ,17,8,9,17,ITI,ITI4,12,Lazio
2025-03-07,LAZ,12,3,9,12,ITI,ITI4,12,Lazio
2025-01-11,CAM,5,2,3,5,ITF,ITF3,15,Campania
2024-12-28,ABR,1,1,0,1,ITF,ITF1,13,Abruzzo
2024-12-10,BAS,25,12,13,25,ITF,ITF5,17,Basilicata
2025-03-06,PUG,3,0,3,3,ITF,ITF4,16,Puglia
2025-03-06,TOS,8,4,4,8,ITI,ITI1,9,Toscana
2024-10-30,BAS,15,7,8,15,ITF,ITF5,17,Basilicata
2024-11-29,MOL,2,2,0,2,ITF,ITF2,14,Molise
2024-09-26,LIG,7,2,5,7,ITC,ITC3,7,Liguria
2024-10-17,UMB,14,8,6,14,ITI,ITI2,10,Umbria
2025-03-03,VEN,3,1,2,3,ITH,ITH3,5,Veneto
2024-10-13,VEN,2,1,1,2,ITH,ITH3,5,Veneto
2025-03-11,PIE,2,2,0,2,ITC,ITC1,1,Piemonte
2024-12-28,FVG,1,1,0,1,ITH,ITH4,6,Friuli-Venezia Giulia
2025-02-08,LAZ,2,1,1,2,ITI,ITI4,12,Lazio
2025-02-13,FVG,3,2,1,3,ITH,ITH4,6,Friuli-Venezia Giulia
2024-12-08,VEN,1,0,1,1,ITH,ITH3,5,Veneto
2025-02-12,MAR,1,0,1,1,ITI,ITI3,11,Marche
2025-02-05,PAT,1,1,0,1,ITH,ITH2,4,Provincia Autonoma Trento
2024-11-19,LAZ,1326,635,691,1326,ITI,ITI4,12,Lazio
2024-11-29,PUG,649,345,304,649,ITF,ITF4,16,Puglia
2024-11-02,PIE,212,98,114,212,ITC,ITC1,1,Piemonte
2024-12-05,SAR,39,23,16,39,ITG,ITG2,20,Sardegna
2024-12-10,VDA,7,3,4,7,ITC,ITC2,2,Valle d'Aosta / Vallée d'Aoste
2024-12-29,PAT,5,3,2,5,ITH,ITH2,4,Provincia Autonoma Trento
2024-10-04,TOS,30,11,19,30,ITI,ITI1,9,Toscana
2025-02-01,SIC,4,3,1,4,ITG,ITG1,19,Sicilia
2025-01-08,SAR,6,1,5,6,ITG,ITG2,20,Sardegna
2025-01-17,VDA,5,0,5,5,ITC,ITC2,2,Valle d'Aosta / Vallée d'Aoste
2024-10-31,VEN,2389,1069,1320,2389,ITH,ITH3,5,Veneto
2025-02-18,LIG,10,6,4,10,ITC,ITC3,7,Liguria
2024-12-03,PUG,595,315,280,595,ITF,ITF4,16,Puglia
2024-10-12,LAZ,169,89,80,169,ITI,ITI4,12,Lazio
2024-11-16,LIG,88,49,39,88,ITC,ITC3,7,Liguria
2024-12-20,PAB,24,13,11,24,ITH,ITH1,4,Provincia Autonoma Bolzano / Bozen
2024-12-20,LIG,137,52,85,137,ITC,ITC3,7,Liguria
2024-10-14,SIC,15,7,8,15,ITG,ITG1,19,Sicilia
2024-11-08,MOL,27,14,13,27,ITF,ITF2,14,Molise
2025-02-03,EMR,22,11,11,22,ITH,ITH5,8,Emilia-Romagna
2024-11-20,TOS,2119,1009,1110,2119,ITI,ITI1,9,Toscana
2024-12-16,MAR,77,43,34,77,ITI,ITI3,11,Marche
2024-11-29,SIC,159,87,72,159,ITG,ITG1,19,Sicilia
2024-11-30,ABR,39,20,19,39,ITF,ITF1,13,Abruzzo
2024-11-16,CAL,11,7,4,11,ITF,ITF6,18,Calabria
2024-11-29,VEN,1297,634,663,1297,ITH,ITH3,5,Veneto
2025-01-14,TOS,36,17,19,36,ITI,ITI1,9,Toscana
2024-10-17,LIG,456,253,203,456,ITC,ITC3,7,Liguria
2024-11-12,MAR,423,212,211,423,ITI,ITI3,11,Marche
2024-10-17,LOM,7163,3372,3791,7163,ITC,ITC4,3,Lombardia
2024-10-29,EMR,6081,2900,3181,6081,ITH,ITH5,8,Emilia-Romagna
2025-01-10,PIE,137,64,73,137,ITC,ITC1,1,Piemonte
2025-02-10,PUG,12,8,4,12,ITF,ITF4,16,Puglia
2024-12-17,PUG,391,193,198,391,ITF,ITF4,16,Puglia
2024-12-20,CAM,38,21,17,38,ITF,ITF3,15,Campania
2024-12-24,UMB,5,4,1,5,ITI,ITI2,10,Umbria
2025-02-19,LOM,66,27,39,66,ITC,ITC4,3,Lombardia
2024-10-24,TOS,2863,1339,1524,2863,ITI,ITI1,9,Toscana
2024-12-06,EMR,1490,695,795,1490,ITH,ITH5,8,Emilia-Romagna
2024-11-11,VDA,67,36,31,67,ITC,ITC2,2,Valle d'Aosta / Vallée d'Aoste
2024-09-27,EMR,60,28,32,60,ITH,ITH5,8,Emilia-Romagna
2025-02-05,VEN,48,17,31,48,ITH,ITH3,5,Veneto
2024-10-25,PAT,454,232,222,454,ITH,ITH2,4,Provincia Autonoma Trento
2024-11-21,CAM,154,98,56,154,ITF,ITF3,15,Campania
2024-11-08,MAR,760,388,372,760,ITI,ITI3,11,Marche
2024-11-27,PIE,1376,658,718,1376,ITC,ITC1,1,Piemonte
2025-01-24,LOM,157,61,96,157,ITC,ITC4,3,Lombardia
2024-12-21,TOS,28,15,13,28,ITI,ITI1,9,Toscana
2024-12-07,TOS,65,25,40,65,ITI,ITI1,9,Toscana
2024-12-17,PAT,70,18,52,70,ITH,ITH2,4,Provincia Autonoma Trento
2024-11-14,SIC,136,78,58,136,ITG,ITG1,19,Sicilia
2025-01-30,PUG,23,11,12,23,ITF,ITF4,16,Puglia
2024-11-23,MOL,16,7,9,16,ITF,ITF2,14,Molise
2024-11-26,PIE,1552,740,812,1552,ITC,ITC1,1,Piemonte
2025-01-07,PIE,101,51,50,101,ITC,ITC1,1,Piemonte
2025-02-20,LOM,92,22,70,92,ITC,ITC4,3,Lombardia
2025-02-28,TOS,14,6,8,14,ITI,ITI1,9,Toscana
2025-02-04,SIC,20,14,6,20,ITG,ITG1,19,Sicilia
2024-12-23,VEN,134,41,93,134,ITH,ITH3,5,Veneto
2024-12-18,PAT,84,37,47,84,ITH,ITH2,4,Provincia Autonoma Trento
2024-11-15,PAB,275,112,163,275,ITH,ITH1,4,Provincia Autonoma Bolzano / Bozen
2025-02-12,PUG,10,5,5,10,ITF,ITF4,16,Puglia
2025-01-08,UMB,15,9,6,15,ITI,ITI2,10,Umbria
2025-02-24,LIG,7,2,5,7,ITC,ITC3,7,Liguria
2024-10-31,LAZ,1210,599,611,1210,ITI,ITI4,12,Lazio
2024-10-12,VEN,337,175,162,337,ITH,ITH3,5,Veneto
2024-11-01,MAR,16,9,7,16,ITI,ITI3,11,Marche
2024-10-23,TOS,2280,1107,1173,2280,ITI,ITI1,9,Toscana
2024-12-30,FVG,36,18,18,36,ITH,ITH4,6,Friuli-Venezia Giulia
2024-12-18,PUG,310,158,152,310,ITF,ITF4,16,Puglia
2025-02-03,PAB,1,1,0,1,ITH,ITH1,4,Provincia Autonoma Bolzano / Bozen
2024-12-14,CAL,5,2,3,5,ITF,ITF6,18,Calabria
2025-03-12,TOS,7,3,4,7,ITI,ITI1,9,Toscana
2025-03-05,LOM,14,3,11,14,ITC,ITC4,3,Lombardia
2025-01-19,EMR,7,3,4,7,ITH,ITH5,8,Emilia-Romagna
2024-10-24,MAR,629,317,312,629,ITI,ITI3,11,Marche
2024-11-19,PAT,237,108,129,237,ITH,ITH2,4,Provincia Autonoma Trento
2025-01-30,PAT,36,13,23,36,ITH,ITH2,4,Provincia Autonoma Trento
2024-10-10,TOS,619,286,333,619,ITI,ITI1,9,Toscana
2025-02-17,EMR,21,12,9,21,ITH,ITH5,8,Emilia-Romagna
2024-11-17,BAS,9,5,4,9,ITF,ITF5,17,Basilicata
2025-02-21,PUG,4,2,2,4,ITF,ITF4,16,Puglia
2025-03-05,TOS,2,1,1,2,ITI,ITI1,9,Toscana
2025-02-25,SIC,4,2,2,4,ITG,ITG1,19,Sicilia
2025-01-27,FVG,7,2,5,7,ITH,ITH4,6,Friuli-Venezia Giulia
2025-02-18,MAR,1,0,1,1,ITI,ITI3,11,Marche
2025-02-12,PAB,5,2,3,5,ITH,ITH1,4,Provincia Autonoma Bolzano / Bozen
2024-12-07,CAL,7,5,2,7,ITF,ITF6,18,Calabria
2024-11-17,SIC,5,3,2,5,ITG,ITG1,19,Sicilia
2025-01-17,PAB,1,0,1,1,ITH,ITH1,4,Provincia Autonoma Bolzano / Bozen
2024-10-05,VDA,1,0,1,1,ITC,ITC2,2,Valle d'Aosta / Vallée d'Aoste
2024-10-07,FVG,4,1,3,4,ITH,ITH4,6,Friuli-Venezia Giulia
2025-02-20,TOS,3,2,1,3,ITI,ITI1,9,Toscana
2025-01-13,MOL,1,1,0,1,ITF,ITF2,14,Molise
2024-11-23,UMB,1,1,0,1,ITI,ITI2,10,Umbria
2025-03-11,PUG,1,1,0,1,ITF,ITF4,16,Puglia
2024-11-03,VEN,1,0,1,1,ITH,ITH3,5,Veneto
2024-11-13,VEN,2842,1349,1493,2842,ITH,ITH3,5,Veneto
2024-10-18,LOM,6435,3175,3260,6435,ITC,ITC4,3,Lombardia
2024-12-23,LAZ,175,71,104,175,ITI,ITI4,12,Lazio
2024-10-18,CAL,35,19,16,35,ITF,ITF6,18,Calabria
2025-02-05,LIG,10,5,5,10,ITC,ITC3,7,Liguria
2025-01-18,TOS,3,2,1,3,ITI,ITI1,9,Toscana
2025-02-05,LOM,75,29,46,75,ITC,ITC4,3,Lombardia
2024-12-19,TOS,379,171,208,379,ITI,ITI1,9,Toscana
2025-01-22,TOS,39,17,22,39,ITI,ITI1,9,Toscana
2024-11-16,PUG,347,191,156,347,ITF,ITF4,16,Puglia
2024-12-15,TOS,5,3,2,5,ITI,ITI1,9,Toscana
2024-10-18,VEN,1990,1036,954,1990,ITH,ITH3,5,Veneto
2024-10-25,LAZ,1383,689,694,1383,ITI,ITI4,12,Lazio
2024-11-11,MAR,408,188,220,408,ITI,ITI3,11,Marche
2025-01-02,VEN,43,16,27,43,ITH,ITH3,5,Veneto
2025-01-24,SIC,10,6,4,10,ITG,ITG1,19,Sicilia
2025-01-28,LIG,10,5,5,10,ITC,ITC3,7,Liguria
2025-03-15,LOM,16,2,14,16,ITC,ITC4,3,Lombardia
2025-01-29,EMR,48,20,28,48,ITH,ITH5,8,Emilia-Romagna
2024-10-26,ABR,6,2,4,6,ITF,ITF1,13,Abruzzo
2024-09-27,VEN,21,13,8,21,ITH,ITH3,5,Veneto
2024-11-26,EMR,3298,1555,1743,3298,ITH,ITH5,8,Emilia-Romagna
2024-10-09,TOS,279,135,144,279,ITI,ITI1,9,Toscana
2024-10-29,MAR,438,222,216,438,ITI,ITI3,11,Marche
2024-11-25,PUG,454,230,224,454,ITF,ITF4,16,Puglia
2025-01-29,VDA,13,7,6,13,ITC,ITC2,2,Valle d'Aosta / Vallée d'Aoste
2024-11-24,FVG,5,3,2,5,ITH,ITH4,6,Friuli-Venezia Giulia
2024-12-12,FVG,240,126,114,240,ITH,ITH4,6,Friuli-Venezia Giulia
2024-10-30,VEN,2561,1190,1371,2561,ITH,ITH3,5,Veneto
2024-12-24,LOM,210,93,117,210,ITC,ITC4,3,Lombardia
2025-01-08,PIE,127,66,61,127,ITC,ITC1,1,Piemonte
2024-09-30,SIC,5,2,3,5,ITG,ITG1,19,Sicilia
2024-11-13,SAR,363,203,160,363,ITG,ITG2,20,Sardegna
2024-09-26,LAZ,9,6,3,9,ITI,ITI4,12,Lazio
2024-11-05,LAZ,1793,838,955,1793,ITI,ITI4,12,Lazio
2024-11-03,LOM,224,114,110,224,ITC,ITC4,3,Lombardia
2024-11-21,MAR,642,311,331,642,ITI,ITI3,11,Marche
2024-10-14,EMR,1971,944,1027,1971,ITH,ITH5,8,Emilia-Romagna
2024-10-19,LAZ,650,328,322,650,ITI,ITI4,12,Lazio
2025-02-11,LAZ,37,20,17,37,ITI,ITI4,12,Lazio
2024-10-15,SIC,20,14,6,20,ITG,ITG1,19,Sicilia
2025-02-14,PUG,8,4,4,8,ITF,ITF4,16,Puglia
2024-11-25,VEN,1184,556,628,1184,ITH,ITH3,5,Veneto
2024-10-30,FVG,591,279,312,591,ITH,ITH4,6,Friuli-Venezia Giulia
2024-11-23,EMR,1027,463,564,1027,ITH,ITH5,8,Emilia-Romagna
2024-10-28,VDA,93,33,60,93,ITC,ITC2,2,Valle d'Aosta / Vallée d'Aoste
2024-11-25,SAR,156,74,82,156,ITG,ITG2,20,Sardegna
2024-11-19,LIG,756,366,390,756,ITC,ITC3,7,Liguria
2025-01-22,PIE,70,42,28,70,ITC,ITC1,1,Piemonte
2024-10-16,FVG,137,60,77,137,ITH,ITH4,6,Friuli-Venezia Giulia
2024-12-11,SIC,195,94,101,195,ITG,ITG1,19,Sicilia
2024-12-05,BAS,35,15,20,35,ITF,ITF5,17,Basilicata
2024-10-26,MAR,478,249,229,478,ITI,ITI3,11,Marche
2024-11-13,UMB,78,37,41,78,ITI,ITI2,10,Umbria
2024-12-03,EMR,1809,847,962,1809,ITH,ITH5,8,Emilia-Romagna
2024-12-18,LIG,384,170,214,384,ITC,ITC3,7,Liguria
2024-12-04,PIE,685,320,365,685,ITC,ITC1,1,Piemonte
2025-01-28,PIE,65,31,34,65,ITC,ITC1,1,Piemonte
2024-10-30,SAR,164,75,89,164,ITG,ITG2,20,Sardegna
2024-11-02,ABR,17,9,8,17,ITF,ITF1,13,Abruzzo
2025-03-20,LAZ,7,4,3,7,ITI,ITI4,12,Lazio
2024-12-18,PAB,11,7,4,11,ITH,ITH1,4,Provincia Autonoma Bolzano / Bozen
2024-12-14,PAT,15,7,8,15,ITH,ITH2,4,Provincia Autonoma Trento
2025-02-12,VEN,31,12,19,31,ITH,ITH3,5,Veneto
2024-10-01,LAZ,27,16,11,27,ITI,ITI4,12,Lazio
2024-10-23,CAM,74,45,29,74,ITF,ITF3,15,Campania
2024-12-14,PUG,65,31,34,65,ITF,ITF4,16,Puglia
2025-01-21,PUG,75,40,35,75,ITF,ITF4,16,Puglia
2024-12-22,MAR,11,5,6,11,ITI,ITI3,11,Marche
2024-12-21,CAM,23,13,10,23,ITF,ITF3,15,Campania
2025-03-18,LOM,36,12,24,36,ITC,ITC4,3,Lombardia
2024-12-20,VDA,6,1,5,6,ITC,ITC2,2,Valle d'Aosta / Vallée d'Aoste
2025-01-31,VEN,39,15,24,39,ITH,ITH3,5,Veneto
2025-01-17,VEN,119,38,81,119,ITH,ITH3,5,Veneto
2025-01-14,EMR,157,82,75,157,ITH,ITH5,8,Emilia-Romagna
2024-10-18,SAR,88,43,45,88,ITG,ITG2,20,Sardegna
2025-02-27,LAZ,13,9,4,13,ITI,ITI4,12,Lazio
2025-01-13,PUG,35,17,18,35,ITF,ITF4,16,Puglia
2024-11-20,EMR,4234,2046,2188,4234,ITH,ITH5,8,Emilia-Romagna
2024-12-10,MAR,190,101,89,190,ITI,ITI3,11,Marche
2024-11-27,MOL,4,3,1,4,ITF,ITF2,14,Molise
2025-01-31,SAR,2,1,1,2,ITG,ITG2,20,Sardegna
2024-11-22,SIC,232,121,111,232,ITG,ITG1,19,Sicilia
2025-01-31,LOM,88,35,53,88,ITC,ITC4,3,Lombardia
2024-12-16,TOS,290,129,161,290,ITI,ITI1,9,Toscana
2024-11-22,LAZ,1342,634,708,1342,ITI,ITI4,12,Lazio
2024-11-26,ABR,239,122,117,239,ITF,ITF1,13,Abruzzo
2024-12-01,CAM,4,3,1,4,ITF,ITF3,15,Campania
2024-10-15,LAZ,500,248,252,500,ITI,ITI4,12,Lazio
2024-11-15,MOL,43,19,24,43,ITF,ITF2,14,Molise
2024-11-19,FVG,834,381,453,834,ITH,ITH4,6,Friuli-Venezia Giulia
2024-10-03,TOS,60,12,48,60,ITI,ITI1,9,Toscana
2024-10-12,LIG,10,6,4,10,ITC,ITC3,7,Liguria
2024-10-23,PIE,1641,770,871,1641,ITC,ITC1,1,Piemonte
2025-02-15,LIG,6,2,4,6,ITC,ITC3,7,Liguria
2025-02-13,LAZ,12,8,4,12,ITI,ITI4,12,Lazio
2024-12-11,LAZ,1061,522,539,1061,ITI,ITI4,12,Lazio
2024-11-26,LAZ,1228,542,686,1228,ITI,ITI4,12,Lazio
2024-11-20,LOM,5670,2506,3164,5670,ITC,ITC4,3,Lombardia
2024-11-13,PUG,785,405,380,785,ITF,ITF4,16,Puglia
2024-10-25,SIC,76,42,34,76,ITG,ITG1,19,Sicilia
2024-10-19,PUG,53,20,33,53,ITF,ITF4,16,Puglia
2024-12-20,LOM,963,413,550,963,ITC,ITC4,3,Lombardia
2025-01-20,LAZ,23,13,10,23,ITI,ITI4,12,Lazio
2024-12-18,LOM,1237,471,766,1237,ITC,ITC4,3,Lombardia
2024-10-30,PAT,141,52,89,141,ITH,ITH2,4,Provincia Autonoma Trento
2024-11-13,PAT,436,220,216,436,ITH,ITH2,4,Provincia Autonoma Trento
2024-11-20,FVG,621,303,318,621,ITH,ITH4,6,Friuli-Venezia Giulia
2024-11-02,PUG,29,12,17,29,ITF,ITF4,16,Puglia
2025-01-10,TOS,75,31,44,75,ITI,ITI1,9,Toscana
2025-01-30,FVG,12,3,9,12,ITH,ITH4,6,Friuli-Venezia Giulia
2024-11-18,VDA,19,6,13,19,ITC,ITC2,2,Valle d'Aosta / Vallée d'Aoste
2024-10-03,PUG,14,9,5,14,ITF,ITF4,16,Puglia
2024-11-21,FVG,870,419,451,870,ITH,ITH4,6,Friuli-Venezia Giulia
2024-10-28,LAZ,1168,582,586,1168,ITI,ITI4,12,Lazio
2024-12-06,LOM,2003,832,1171,2003,ITC,ITC4,3,Lombardia
2024-12-14,EMR,270,120,150,270,ITH,ITH5,8,Emilia-Romagna
2024-11-02,TOS,192,96,96,192,ITI,ITI1,9,Toscana
2025-01-16,LOM,349,122,227,349,ITC,ITC4,3,Lombardia
2025-01-24,MAR,17,5,12,17,ITI,ITI3,11,Marche
2024-12-27,MAR,19,10,9,19,ITI,ITI3,11,Marche
2024-10-14,LIG,238,128,110,238,ITC,ITC3,7,Liguria
2025-03-07,TOS,5,2,3,5,ITI,ITI1,9,Toscana
2025-02-14,PAT,2,1,1,2,ITH,ITH2,4,Provincia Autonoma Trento
2024-12-08,ABR,2,1,1,2,ITF,ITF1,13,Abruzzo
2024-11-11,UMB,28,10,18,28,ITI,ITI2,10,Umbria
2025-01-04,MAR,6,2,4,6,ITI,ITI3,11,Marche
2025-03-05,FVG,5,3,2,5,ITH,ITH4,6,Friuli-Venezia Giulia
2024-09-29,EMR,2,1,1,2,ITH,ITH5,8,Emilia-Romagna
2025-01-18,EMR,22,11,11,22,ITH,ITH5,8,Emilia-Romagna
2025-02-06,UMB,4,1,3,4,ITI,ITI2,10,Umbria
2025-02-05,TOS,12,7,5,12,ITI,ITI1,9,Toscana
2025-02-24,PIE,6,2,4,6,ITC,ITC1,1,Piemonte
2025-02-10,SIC,1,1,0,1,ITG,ITG1,19,Sicilia
2024-09-23,LIG,7,5,2,7,ITC,ITC3,7,Liguria
2024-12-25,EMR,2,0,2,2,ITH,ITH5,8,Emilia-Romagna
2025-01-13,MAR,4,2,2,4,ITI,ITI3,11,Marche
2025-01-09,MAR,8,2,6,8,ITI,ITI3,11,Marche
2025-02-02,LOM,5,2,3,5,ITC,ITC4,3,Lombardia
2025-02-12,SIC,2,2,0,2,ITG,ITG1,19,Sicilia
2024-10-03,CAM,7,6,1,7,ITF,ITF3,15,Campania
2025-03-19,FVG,1,0,1,1,ITH,ITH4,6,Friuli-Venezia Giulia
2025-01-12,LAZ,3,3,0,3,ITI,ITI4,12,Lazio
2025-03-14,TOS,1,1,0,1,ITI,ITI1,9,Toscana
2024-12-27,MOL,2,1,1,2,ITF,ITF2,14,Molise
2024-10-01,SIC,1,0,1,1,ITG,ITG1,19,Sicilia
2025-02-25,MAR,1,1,0,1,ITI,ITI3,11,Marche
2025-01-14,MOL,1,1,0,1,ITF,ITF2,14,Molise
2025-03-20,VEN,3,3,0,3,ITH,ITH3,5,Veneto
2025-01-03,PAT,1,1,0,1,ITH,ITH2,4,Provincia Autonoma Trento
2024-11-10,VDA,1,1,0,1,ITC,ITC2,2,Valle d'Aosta / Vallée d'Aoste
2024-12-20,SAR,1,1,0,1,ITG,ITG2,20,Sardegna
2025-02-01,VEN,1,1,0,1,ITH,ITH3,5,Veneto
2024-12-07,VDA,2,1,1,2,ITC,ITC2,2,Valle d'Aosta / Vallée d'Aoste
2025-03-03,LIG,1,0,1,1,ITC,ITC3,7,Liguria
2025-02-07,TOS,1,1,0,1,ITI,ITI1,9,Toscana
2024-11-12,PAB,433,205,228,433,ITH,ITH1,4,Provincia Autonoma Bolzano / Bozen
2024-10-28,SAR,121,58,63,121,ITG,ITG2,20,Sardegna
2024-10-31,SIC,83,48,35,83,ITG,ITG1,19,Sicilia
2024-10-21,FVG,258,138,120,258,ITH,ITH4,6,Friuli-Venezia Giulia
2025-01-13,PIE,149,72,77,149,ITC,ITC1,1,Piemonte
2024-10-16,UMB,11,6,5,11,ITI,ITI2,10,Umbria
2025-02-18,LOM,201,58,143,201,ITC,ITC4,3,Lombardia
2024-09-27,PAT,17,8,9,17,ITH,ITH2,4,Provincia Autonoma Trento
2024-10-26,LIG,82,38,44,82,ITC,ITC3,7,Liguria
2024-10-28,EMR,3998,1850,2148,3998,ITH,ITH5,8,Emilia-Romagna
2024-10-17,TOS,2005,972,1033,2005,ITI,ITI1,9,Toscana
2024-10-11,EMR,1547,693,854,1547,ITH,ITH5,8,Emilia-Romagna
2024-12-16,SIC,124,67,57,124,ITG,ITG1,19,Sicilia
2024-11-28,TOS,1737,796,941,1737,ITI,ITI1,9,Toscana
2025-02-12,PIE,33,16,17,33,ITC,ITC1,1,Piemonte
2025-01-14,CAM,9,5,4,9,ITF,ITF3,15,Campania
2024-12-03,LOM,2656,1143,1513,2656,ITC,ITC4,3,Lombardia
2024-11-09,VEN,6644,3442,3202,6644,ITH,ITH3,5,Veneto
2024-12-23,FVG,123,32,91,123,ITH,ITH4,6,Friuli-Venezia Giulia
2024-12-18,LAZ,528,246,282,528,ITI,ITI4,12,Lazio
2024-11-27,LAZ,1502,706,796,1502,ITI,ITI4,12,Lazio
2024-11-30,SIC,100,61,39,100,ITG,ITG1,19,Sicilia
2024-10-30,TOS,2788,1283,1505,2788,ITI,ITI1,9,Toscana
2024-12-24,PUG,59,31,28,59,ITF,ITF4,16,Puglia
2024-11-11,BAS,91,46,45,91,ITF,ITF5,17,Basilicata
2024-12-19,LAZ,451,210,241,451,ITI,ITI4,12,Lazio
2025-01-17,PIE,156,82,74,156,ITC,ITC1,1,Piemonte
2024-10-03,LAZ,29,19,10,29,ITI,ITI4,12,Lazio
2025-01-11,SIC,8,5,3,8,ITG,ITG1,19,Sicilia
2024-11-27,VDA,92,44,48,92,ITC,ITC2,2,Valle d'Aosta / Vallée d'Aoste
2024-10-02,LOM,337,168,169,337,ITC,ITC4,3,Lombardia
2024-11-07,ABR,314,164,150,314,ITF,ITF1,13,Abruzzo
2024-10-28,VEN,1666,778,888,1666,ITH,ITH3,5,Veneto
2025-02-03,TOS,19,10,9,19,ITI,ITI1,9,Toscana
2025-01-21,VEN,105,50,55,105,ITH,ITH3,5,Veneto
2024-10-04,LIG,58,30,28,58,ITC,ITC3,7,Liguria
2024-11-09,ABR,19,11,8,19,ITF,ITF1,13,Abruzzo
2024-10-29,MOL,21,14,7,21,ITF,ITF2,14,Molise
2024-11-29,FVG,780,365,415,780,ITH,ITH4,6,Friuli-Venezia Giulia
2024-10-25,EMR,5142,2436,2706,5142,ITH,ITH5,8,Emilia-Romagna
2024-12-30,ABR,36,19,17,36,ITF,ITF1,13,Abruzzo
2025-01-15,TOS,52,28,24,52,ITI,ITI1,9,Toscana
2024-11-14,UMB,56,32,24,56,ITI,ITI2,10,Umbria
2024-11-26,PAB,269,125,144,269,ITH,ITH1,4,Provincia Autonoma Bolzano / Bozen
2025-02-04,VEN,63,17,46,63,ITH,ITH3,5,Veneto
2024-12-17,ABR,73,36,37,73,ITF,ITF1,13,Abruzzo
2024-11-12,UMB,26,11,15,26,ITI,ITI2,10,Umbria
2024-12-03,ABR,153,81,72,153,ITF,ITF1,13,Abruzzo
2024-12-16,LAZ,454,198,256,454,ITI,ITI4,12,Lazio
2024-10-13,TOS,47,16,31,47,ITI,ITI1,9,Toscana
2024-11-12,SAR,454,218,236,454,ITG,ITG2,20,Sardegna
2024-11-22,MAR,406,196,210,406,ITI,ITI3,11,Marche
2024-10-24,PIE,1557,799,758,1557,ITC,ITC1,1,Piemonte
2025-01-08,CAM,34,17,17,34,ITF,ITF3,15,Campania
2025-01-18,LAZ,40,19,21,40,ITI,ITI4,12,Lazio
2024-12-16,PIE,398,191,207,398,ITC,ITC1,1,Piemonte
2024-10-17,PUG,314,171,143,314,ITF,ITF4,16,Puglia
2024-10-16,PUG,280,154,126,280,ITF,ITF4,16,Puglia
2024-12-24,LIG,20,14,6,20,ITC,ITC3,7,Liguria
2025-03-05,PUG,9,5,4,9,ITF,ITF4,16,Puglia
2024-09-27,LOM,100,52,48,100,ITC,ITC4,3,Lombardia
2025-01-02,LOM,171,79,92,171,ITC,ITC4,3,Lombardia
2024-09-30,LAZ,30,19,11,30,ITI,ITI4,12,Lazio
2024-10-17,PAT,173,95,78,173,ITH,ITH2,4,Provincia Autonoma Trento
2024-10-16,PAT,349,195,154,349,ITH,ITH2,4,Provincia Autonoma Trento
2024-10-17,CAL,8,6,2,8,ITF,ITF6,18,Calabria
2025-01-15,FVG,16,11,5,16,ITH,ITH4,6,Friuli-Venezia Giulia
2024-11-02,MAR,206,100,106,206,ITI,ITI3,11,Marche
2024-12-07,MAR,26,13,13,26,ITI,ITI3,11,Marche
2025-02-14,VEN,13,9,4,13,ITH,ITH3,5,Veneto
2025-03-11,LOM,36,12,24,36,ITC,ITC4,3,Lombardia
2025-01-03,VDA,1,0,1,1,ITC,ITC2,2,Valle d'Aosta / Vallée d'Aoste
2024-09-19,TOS,7,3,4,7,ITI,ITI1,9,Toscana
2025-01-13,PAT,2,0,2,2,ITH,ITH2,4,Provincia Autonoma Trento
2024-12-25,VDA,4,1,3,4,ITC,ITC2,2,Valle d'Aosta / Vallée d'Aoste
2024-09-27,SAR,5,4,1,5,ITG,ITG2,20,Sardegna
2024-12-24,CAM,4,2,2,4,ITF,ITF3,15,Campania
2024-12-07,ABR,6,4,2,6,ITF,ITF1,13,Abruzzo
2025-02-19,SIC,1,0,1,1,ITG,ITG1,19,Sicilia
2025-02-27,TOS,11,2,9,11,ITI,ITI1,9,Toscana
2025-02-20,PAT,3,2,1,3,ITH,ITH2,4,Provincia Autonoma Trento
2025-03-01,LOM,2,1,1,2,ITC,ITC4,3,Lombardia
2024-11-30,MOL,9,3,6,9,ITF,ITF2,14,Molise
2024-11-28,MOL,1,0,1,1,ITF,ITF2,14,Molise
2025-02-17,ABR,1,1,0,1,ITF,ITF1,13,Abruzzo
2025-02-07,MAR,1,1,0,1,ITI,ITI3,11,Marche
2025-01-03,MAR,4,3,1,4,ITI,ITI3,11,Marche
2025-02-24,PUG,4,2,2,4,ITF,ITF4,16,Puglia
2024-12-22,ABR,2,1,1,2,ITF,ITF1,13,Abruzzo
2025-02-20,PUG,3,2,1,3,ITF,ITF4,16,Puglia
2025-02-11,SIC,8,5,3,8,ITG,ITG1,19,Sicilia
2025-02-18,SIC,1,0,1,1,ITG,ITG1,19,Sicilia
2025-02-26,TOS,6,3,3,6,ITI,ITI1,9,Toscana
2025-02-24,PAT,2,1,1,2,ITH,ITH2,4,Provincia Autonoma Trento
2025-01-22,UMB,11,6,5,11,ITI,ITI2,10,Umbria
2025-03-05,VEN,1,1,0,1,ITH,ITH3,5,Veneto
2024-10-31,BAS,1,1,0,1,ITF,ITF5,17,Basilicata
2024-11-11,FVG,742,340,402,742,ITH,ITH4,6,Friuli-Venezia Giulia
2024-10-22,LIG,700,357,343,700,ITC,ITC3,7,Liguria
2025-01-15,SIC,27,11,16,27,ITG,ITG1,19,Sicilia
2024-10-21,TOS,1532,717,815,1532,ITI,ITI1,9,Toscana
2024-11-04,SIC,85,51,34,85,ITG,ITG1,19,Sicilia
2024-10-22,PAB,462,246,216,462,ITH,ITH1,4,Provincia Autonoma Bolzano / Bozen
2024-12-11,CAM,94,49,45,94,ITF,ITF3,15,Campania
2024-11-25,SIC,123,61,62,123,ITG,ITG1,19,Sicilia
2025-01-09,PIE,110,43,67,110,ITC,ITC1,1,Piemonte
2024-11-08,ABR,186,89,97,186,ITF,ITF1,13,Abruzzo
2024-10-01,PAT,11,4,7,11,ITH,ITH2,4,Provincia Autonoma Trento
2024-11-08,PAT,543,267,276,543,ITH,ITH2,4,Provincia Autonoma Trento
2024-11-01,EMR,258,115,143,258,ITH,ITH5,8,Emilia-Romagna
2024-10-09,BAS,8,5,3,8,ITF,ITF5,17,Basilicata
2025-02-10,LOM,126,41,85,126,ITC,ITC4,3,Lombardia
2024-11-28,LAZ,1324,600,724,1324,ITI,ITI4,12,Lazio
2024-11-25,MAR,178,91,87,178,ITI,ITI3,11,Marche
2024-12-17,LOM,1229,478,751,1229,ITC,ITC4,3,Lombardia
2024-12-13,SAR,11,6,5,11,ITG,ITG2,20,Sardegna
2024-10-01,PUG,14,5,9,14,ITF,ITF4,16,Puglia
2024-12-13,VEN,736,341,395,736,ITH,ITH3,5,Veneto
2024-11-21,LIG,847,412,435,847,ITC,ITC3,7,Liguria
2025-02-14,SIC,10,3,7,10,ITG,ITG1,19,Sicilia
2025-01-27,LOM,123,44,79,123,ITC,ITC4,3,Lombardia
2025-02-17,TOS,9,4,5,9,ITI,ITI1,9,Toscana
2024-12-15,FVG,36,9,27,36,ITH,ITH4,6,Friuli-Venezia Giulia
2025-02-07,SAR,1,0,1,1,ITG,ITG2,20,Sardegna
2024-11-01,VEN,61,28,33,61,ITH,ITH3,5,Veneto
2024-10-26,VEN,6191,3219,2972,6191,ITH,ITH3,5,Veneto
2024-10-25,PUG,359,194,165,359,ITF,ITF4,16,Puglia
2025-01-18,PUG,18,9,9,18,ITF,ITF4,16,Puglia
2024-11-18,ABR,134,61,73,134,ITF,ITF1,13,Abruzzo
2024-10-25,ABR,152,78,74,152,ITF,ITF1,13,Abruzzo
2024-10-28,UMB,7,3,4,7,ITI,ITI2,10,Umbria
2024-12-19,MAR,85,44,41,85,ITI,ITI3,11,Marche
2025-01-14,PUG,45,20,25,45,ITF,ITF4,16,Puglia
2024-10-29,PAB,36,15,21,36,ITH,ITH1,4,Provincia Autonoma Bolzano / Bozen
2024-12-08,MAR,11,7,4,11,ITI,ITI3,11,Marche
2024-12-03,CAM,116,48,68,116,ITF,ITF3,15,Campania
2025-02-01,TOS,9,3,6,9,ITI,ITI1,9,Toscana
2025-02-27,PAT,10,3,7,10,ITH,ITH2,4,Provincia Autonoma Trento
2024-12-30,PAT,10,4,6,10,ITH,ITH2,4,Provincia Autonoma Trento
2024-11-14,LOM,7079,3246,3833,7079,ITC,ITC4,3,Lombardia
2024-10-31,PAB,484,246,238,484,ITH,ITH1,4,Provincia Autonoma Bolzano / Bozen
2025-01-29,PUG,31,14,17,31,ITF,ITF4,16,Puglia
2024-11-28,SIC,168,81,87,168,ITG,ITG1,19,Sicilia
2025-02-24,LAZ,11,4,7,11,ITI,ITI4,12,Lazio
2025-01-16,MAR,9,3,6,9,ITI,ITI3,11,Marche
2025-01-11,LIG,15,8,7,15,ITC,ITC3,7,Liguria
2024-09-30,EMR,10,4,6,10,ITH,ITH5,8,Emilia-Romagna
2025-02-10,ABR,1,1,0,1,ITF,ITF1,13,Abruzzo
2024-11-04,LAZ,1240,560,680,1240,ITI,ITI4,12,Lazio
2024-11-15,LOM,6468,2988,3480,6468,ITC,ITC4,3,Lombardia
2024-10-30,SIC,58,31,27,58,ITG,ITG1,19,Sicilia
2024-11-10,EMR,529,244,285,529,ITH,ITH5,8,Emilia-Romagna
2024-12-02,LIG,315,119,196,315,ITC,ITC3,7,Liguria
2025-01-22,FVG,45,18,27,45,ITH,ITH4,6,Friuli-Venezia Giulia
2024-10-24,ABR,124,69,55,124,ITF,ITF1,13,Abruzzo
2025-01-29,PAT,8,5,3,8,ITH,ITH2,4,Provincia Autonoma Trento
2024-10-11,CAM,31,19,12,31,ITF,ITF3,15,Campania
2025-02-18,PIE,20,12,8,20,ITC,ITC1,1,Piemonte
2025-01-20,VEN,82,31,51,82,ITH,ITH3,5,Veneto
2024-12-17,CAM,61,31,30,61,ITF,ITF3,15,Campania
2024-11-23,SIC,102,58,44,102,ITG,ITG1,19,Sicilia
2024-11-21,UMB,23,9,14,23,ITI,ITI2,10,Umbria
2025-02-06,FVG,31,15,16,31,ITH,ITH4,6,Friuli-Venezia Giulia
2024-11-10,LOM,718,345,373,718,ITC,ITC4,3,Lombardia
2024-12-18,MAR,61,28,33,61,ITI,ITI3,11,Marche
2024-11-07,BAS,22,8,14,22,ITF,ITF5,17,Basilicata
2024-09-20,LOM,30,16,14,30,ITC,ITC4,3,Lombardia
2024-11-09,EMR,2631,1300,1331,2631,ITH,ITH5,8,Emilia-Romagna
2024-11-12,VEN,2416,1180,1236,2416,ITH,ITH3,5,Veneto
2024-11-26,UMB,24,16,8,24,ITI,ITI2,10,Umbria
2024-09-27,CAM,6,3,3,6,ITF,ITF3,15,Campania
2025-01-21,SAR,2,0,2,2,ITG,ITG2,20,Sardegna
2024-11-12,EMR,5105,2448,2657,5105,ITH,ITH5,8,Emilia-Romagna
2024-12-27,ABR,11,3,8,11,ITF,ITF1,13,Abruzzo
2024-12-05,MAR,101,38,63,101,ITI,ITI3,11,Marche
2025-01-11,LAZ,14,4,10,14,ITI,ITI4,12,Lazio
2025-01-09,VEN,88,30,58,88,ITH,ITH3,5,Veneto
2024-12-29,VDA,1,1,0,1,ITC,ITC2,2,Valle d'Aosta / Vallée d'Aoste
2024-11-06,CAL,95,55,40,95,ITF,ITF6,18,Calabria
2025-01-16,TOS,60,30,30,60,ITI,ITI1,9,Toscana
2024-10-03,SIC,3,2,1,3,ITG,ITG1,19,Sicilia
2024-10-24,MOL,20,9,11,20,ITF,ITF2,14,Molise
2024-10-07,PUG,13,11,2,13,ITF,ITF4,16,Puglia
2024-12-31,LIG,23,11,12,23,ITC,ITC3,7,Liguria
2025-02-13,EMR,15,9,6,15,ITH,ITH5,8,Emilia-Romagna
2025-01-09,ABR,15,8,7,15,ITF,ITF1,13,Abruzzo
2024-11-29,VDA,51,23,28,51,ITC,ITC2,2,Valle d'Aosta / Vallée d'Aoste
2024-12-31,PAB,3,2,1,3,ITH,ITH1,4,Provincia Autonoma Bolzano / Bozen
2024-11-18,MOL,18,7,11,18,ITF,ITF2,14,Molise
2024-11-02,LIG,4,1,3,4,ITC,ITC3,7,Liguria
2024-10-28,LOM,7406,3483,3923,7406,ITC,ITC4,3,Lombardia
2024-10-07,PAT,39,17,22,39,ITH,ITH2,4,Provincia Autonoma Trento
2024-11-16,PIE,451,222,229,451,ITC,ITC1,1,Piemonte
2025-01-16,LAZ,59,35,24,59,ITI,ITI4,12,Lazio
2025-01-23,LAZ,36,18,18,36,ITI,ITI4,12,Lazio
2025-02-04,EMR,53,30,23,53,ITH,ITH5,8,Emilia-Romagna
2025-02-20,LIG,6,1,5,6,ITC,ITC3,7,Liguria
2025-02-18,EMR,44,22,22,44,ITH,ITH5,8,Emilia-Romagna
2024-10-23,MOL,5,3,2,5,ITF,ITF2,14,Molise
2024-11-11,PUG,582,267,315,582,ITF,ITF4,16,Puglia
2024-11-11,CAL,83,37,46,83,ITF,ITF6,18,Calabria
2025-02-10,EMR,19,10,9,19,ITH,ITH5,8,Emilia-Romagna
2025-01-29,LOM,204,89,115,204,ITC,ITC4,3,Lombardia
2024-10-21,VDA,106,48,58,106,ITC,ITC2,2,Valle d'Aosta / Vallée d'Aoste
2025-01-11,MAR,9,5,4,9,ITI,ITI3,11,Marche
2024-11-13,LIG,669,323,346,669,ITC,ITC3,7,Liguria
2024-11-26,LIG,1123,542,581,1123,ITC,ITC3,7,Liguria
2025-01-09,EMR,137,63,74,137,ITH,ITH5,8,Emilia-Romagna
2024-12-30,EMR,83,29,54,83,ITH,ITH5,8,Emilia-Romagna
2024-11-04,TOS,1793,861,932,1793,ITI,ITI1,9,Toscana
2024-11-11,PAT,245,109,136,245,ITH,ITH2,4,Provincia Autonoma Trento
2024-11-11,ABR,24,12,12,24,ITF,ITF1,13,Abruzzo
2025-03-18,LIG,7,5,2,7,ITC,ITC3,7,Liguria
2024-12-24,PAT,15,7,8,15,ITH,ITH2,4,Provincia Autonoma Trento
2024-11-06,VEN,2750,1316,1434,2750,ITH,ITH3,5,Veneto
2024-11-06,SAR,438,209,229,438,ITG,ITG2,20,Sardegna
2024-12-19,SIC,127,56,71,127,ITG,ITG1,19,Sicilia
2024-12-07,LIG,42,15,27,42,ITC,ITC3,7,Liguria
2024-11-14,ABR,59,30,29,59,ITF,ITF1,13,Abruzzo
2025-01-09,PUG,49,27,22,49,ITF,ITF4,16,Puglia
2024-12-17,VEN,637,247,390,637,ITH,ITH3,5,Veneto
2024-12-03,PIE,941,449,492,941,ITC,ITC1,1,Piemonte
2025-01-27,VEN,34,9,25,34,ITH,ITH3,5,Veneto
2024-12-17,SAR,41,18,23,41,ITG,ITG2,20,Sardegna
2024-12-28,EMR,33,10,23,33,ITH,ITH5,8,Emilia-Romagna
2025-03-11,LIG,11,8,3,11,ITC,ITC3,7,Liguria
2025-02-17,FVG,1,0,1,1,ITH,ITH4,6,Friuli-Venezia Giulia
2024-11-16,PAB,1,0,1,1,ITH,ITH1,4,Provincia Autonoma Bolzano / Bozen
2024-09-23,ABR,1,1,0,1,ITF,ITF1,13,Abruzzo
2025-01-14,PAT,10,4,6,10,ITH,ITH2,4,Provincia Autonoma Trento
2025-03-15,TOS,2,0,2,2,ITI,ITI1,9,Toscana
2025-01-07,PAB,2,1,1,2,ITH,ITH1,4,Provincia Autonoma Bolzano / Bozen
2025-02-15,TOS,2,1,1,2,ITI,ITI1,9,Toscana
2025-01-25,PUG,5,2,3,5,ITF,ITF4,16,Puglia
2024-10-14,UMB,3,0,3,3,ITI,ITI2,10,Umbria
2025-01-13,PAB,5,3,2,5,ITH,ITH1,4,Provincia Autonoma Bolzano / Bozen
2025-03-05,LIG,1,1,0,1,ITC,ITC3,7,Liguria
2024-11-16,UMB,7,4,3,7,ITI,ITI2,10,Umbria
2024-11-09,UMB,6,3,3,6,ITI,ITI2,10,Umbria
2024-11-24,LIG,4,0,4,4,ITC,ITC3,7,Liguria
2024-09-21,TOS,8,3,5,8,ITI,ITI1,9,Toscana
2025-01-05,PIE,8,1,7,8,ITC,ITC1,1,Piemonte
2025-01-04,PIE,10,3,7,10,ITC,ITC1,1,Piemonte
2024-12-12,PAB,14,7,7,14,ITH,ITH1,4,Provincia Autonoma Bolzano / Bozen
2025-02-03,MAR,6,4,2,6,ITI,ITI3,11,Marche
2024-11-13,MOL,3,1,2,3,ITF,ITF2,14,Molise
2025-03-19,SIC,2,2,0,2,ITG,ITG1,19,Sicilia
2025-02-04,SAR,3,2,1,3,ITG,ITG2,20,Sardegna
2025-02-26,LAZ,8,4,4,8,ITI,ITI4,12,Lazio
2025-03-18,MAR,1,0,1,1,ITI,ITI3,11,Marche
2024-12-28,VEN,5,2,3,5,ITH,ITH3,5,Veneto
2025-03-06,SIC,1,0,1,1,ITG,ITG1,19,Sicilia
2025-01-08,MOL,1,0,1,1,ITF,ITF2,14,Molise
2024-11-15,LAZ,1639,822,817,1639,ITI,ITI4,12,Lazio
2024-11-21,LOM,5094,2349,2745,5094,ITC,ITC4,3,Lombardia
2024-12-04,VEN,1035,440,595,1035,ITH,ITH3,5,Veneto
2024-10-14,VEN,950,458,492,950,ITH,ITH3,5,Veneto
2024-10-10,VEN,849,389,460,849,ITH,ITH3,5,Veneto
2024-12-12,CAL,30,15,15,30,ITF,ITF6,18,Calabria
2024-12-16,CAL,35,16,19,35,ITF,ITF6,18,Calabria
2024-11-08,CAL,67,33,34,67,ITF,ITF6,18,Calabria
2024-11-29,PAT,226,116,110,226,ITH,ITH2,4,Provincia Autonoma Trento
2024-11-12,CAL,57,36,21,57,ITF,ITF6,18,Calabria
2024-10-29,CAM,111,60,51,111,ITF,ITF3,15,Campania
2024-12-12,SIC,98,49,49,98,ITG,ITG1,19,Sicilia
2024-11-02,LAZ,121,58,63,121,ITI,ITI4,12,Lazio
2024-11-15,UMB,50,25,25,50,ITI,ITI2,10,Umbria
2024-12-24,FVG,15,9,6,15,ITH,ITH4,6,Friuli-Venezia Giulia
2024-12-03,CAL,30,20,10,30,ITF,ITF6,18,Calabria
2025-03-18,LAZ,5,4,1,5,ITI,ITI4,12,Lazio
2025-03-06,FVG,3,1,2,3,ITH,ITH4,6,Friuli-Venezia Giulia
2024-12-10,EMR,1137,533,604,1137,ITH,ITH5,8,Emilia-Romagna
2025-02-05,MAR,10,5,5,10,ITI,ITI3,11,Marche
2025-01-13,EMR,98,48,50,98,ITH,ITH5,8,Emilia-Romagna
2024-10-22,LOM,9760,4681,5079,9760,ITC,ITC4,3,Lombardia
2024-12-07,SIC,40,23,17,40,ITG,ITG1,19,Sicilia
2025-02-28,PIE,18,11,7,18,ITC,ITC1,1,Piemonte
2024-12-02,CAM,72,35,37,72,ITF,ITF3,15,Campania
2024-12-10,PAB,78,41,37,78,ITH,ITH1,4,Provincia Autonoma Bolzano / Bozen
2024-11-26,CAM,144,73,71,144,ITF,ITF3,15,Campania
2024-11-23,LIG,83,36,47,83,ITC,ITC3,7,Liguria
2024-11-09,CAM,69,37,32,69,ITF,ITF3,15,Campania
2024-12-10,LIG,481,209,272,481,ITC,ITC3,7,Liguria
2025-02-14,LAZ,15,6,9,15,ITI,ITI4,12,Lazio
2025-02-03,SIC,16,7,9,16,ITG,ITG1,19,Sicilia
2024-12-23,PAT,65,21,44,65,ITH,ITH2,4,Provincia Autonoma Trento
2024-10-31,EMR,3747,1746,2001,3747,ITH,ITH5,8,Emilia-Romagna
2024-10-15,PUG,284,151,133,284,ITF,ITF4,16,Puglia
2024-12-23,PUG,85,46,39,85,ITF,ITF4,16,Puglia
2024-11-27,MAR,210,98,112,210,ITI,ITI3,11,Marche
2025-01-15,LAZ,89,35,54,89,ITI,ITI4,12,Lazio
2024-11-02,VEN,286,130,156,286,ITH,ITH3,5,Veneto
2024-10-14,CAM,38,24,14,38,ITF,ITF3,15,Campania
2024-10-17,VDA,149,66,83,149,ITC,ITC2,2,Valle d'Aosta / Vallée d'Aoste
2024-10-10,VDA,32,14,18,32,ITC,ITC2,2,Valle d'Aosta / Vallée d'Aoste
2025-01-10,VEN,228,79,149,228,ITH,ITH3,5,Veneto
2025-01-07,EMR,129,72,57,129,ITH,ITH5,8,Emilia-Romagna
2024-12-02,PAB,107,56,51,107,ITH,ITH1,4,Provincia Autonoma Bolzano / Bozen
2024-12-30,CAM,20,10,10,20,ITF,ITF3,15,Campania
2025-02-07,VEN,6,4,2,6,ITH,ITH3,5,Veneto
2024-11-30,EMR,820,381,439,820,ITH,ITH5,8,Emilia-Romagna
2024-10-17,LAZ,764,374,390,764,ITI,ITI4,12,Lazio
2024-11-29,TOS,1574,701,873,1574,ITI,ITI1,9,Toscana
2024-12-13,CAL,37,22,15,37,ITF,ITF6,18,Calabria
2024-11-12,CAM,90,53,37,90,ITF,ITF3,15,Campania
2025-01-20,PUG,34,22,12,34,ITF,ITF4,16,Puglia
2024-11-22,UMB,20,10,10,20,ITI,ITI2,10,Umbria
2025-01-29,PIE,54,26,28,54,ITC,ITC1,1,Piemonte
2024-12-13,EMR,1025,491,534,1025,ITH,ITH5,8,Emilia-Romagna
2024-11-21,SAR,203,101,102,203,ITG,ITG2,20,Sardegna
2024-10-08,VDA,32,14,18,32,ITC,ITC2,2,Valle d'Aosta / Vallée d'Aoste
2024-12-02,MOL,5,3,2,5,ITF,ITF2,14,Molise
2024-10-02,PUG,39,16,23,39,ITF,ITF4,16,Puglia
2025-01-20,PAT,9,3,6,9,ITH,ITH2,4,Provincia Autonoma Trento
2024-11-01,ABR,11,5,6,11,ITF,ITF1,13,Abruzzo
2025-01-16,SIC,24,12,12,24,ITG,ITG1,19,Sicilia
2024-11-21,PAB,288,136,152,288,ITH,ITH1,4,Provincia Autonoma Bolzano / Bozen
2024-10-20,MAR,9,4,5,9,ITI,ITI3,11,Marche
2025-03-14,LOM,26,13,13,26,ITC,ITC4,3,Lombardia
2024-11-07,FVG,1126,517,609,1126,ITH,ITH4,6,Friuli-Venezia Giulia
2024-11-14,CAL,69,39,30,69,ITF,ITF6,18,Calabria
2024-11-25,LAZ,905,426,479,905,ITI,ITI4,12,Lazio
2024-12-04,UMB,33,18,15,33,ITI,ITI2,10,Umbria
2024-10-23,SIC,39,24,15,39,ITG,ITG1,19,Sicilia
2024-11-14,CAM,122,78,44,122,ITF,ITF3,15,Campania
2025-02-10,PIE,90,34,56,90,ITC,ITC1,1,Piemonte
2025-01-09,CAM,19,10,9,19,ITF,ITF3,15,Campania
2024-09-21,LAZ,1,0,1,1,ITI,ITI4,12,Lazio
2024-11-16,BAS,31,15,16,31,ITF,ITF5,17,Basilicata
2024-11-21,MOL,5,3,2,5,ITF,ITF2,14,Molise
2024-12-28,LIG,1,0,1,1,ITC,ITC3,7,Liguria
2024-11-06,BAS,6,5,1,6,ITF,ITF5,17,Basilicata
2024-09-26,PUG,4,2,2,4,ITF,ITF4,16,Puglia
2024-10-27,VDA,1,1,0,1,ITC,ITC2,2,Valle d'Aosta / Vallée d'Aoste
2024-09-30,SAR,12,8,4,12,ITG,ITG2,20,Sardegna
2025-01-24,FVG,19,8,11,19,ITH,ITH4,6,Friuli-Venezia Giulia
2025-03-17,LIG,7,3,4,7,ITC,ITC3,7,Liguria
2024-12-10,MOL,6,4,2,6,ITF,ITF2,14,Molise
2024-10-02,TOS,30,8,22,30,ITI,ITI1,9,Toscana
2025-01-04,ABR,1,1,0,1,ITF,ITF1,13,Abruzzo
2024-10-13,LAZ,12,6,6,12,ITI,ITI4,12,Lazio
2024-10-03,MAR,12,6,6,12,ITI,ITI3,11,Marche
2024-12-14,VDA,5,0,5,5,ITC,ITC2,2,Valle d'Aosta / Vallée d'Aoste
2024-11-16,ABR,2,1,1,2,ITF,ITF1,13,Abruzzo
2024-11-08,BAS,6,2,4,6,ITF,ITF5,17,Basilicata
2024-11-22,MOL,4,4,0,4,ITF,ITF2,14,Molise
2025-03-19,PAB,2,0,2,2,ITH,ITH1,4,Provincia Autonoma Bolzano / Bozen
2024-10-02,CAL,4,1,3,4,ITF,ITF6,18,Calabria
2024-09-18,CAM,4,1,3,4,ITF,ITF3,15,Campania
2024-12-12,MOL,1,0,1,1,ITF,ITF2,14,Molise
2025-03-08,VEN,2,0,2,2,ITH,ITH3,5,Veneto
2024-11-11,TOS,1788,863,925,1788,ITI,ITI1,9,Toscana
2024-10-16,LAZ,687,351,336,687,ITI,ITI4,12,Lazio
2024-11-08,LIG,474,228,246,474,ITC,ITC3,7,Liguria
2024-11-06,VDA,192,82,110,192,ITC,ITC2,2,Valle d'Aosta / Vallée d'Aoste
2024-10-25,CAM,39,19,20,39,ITF,ITF3,15,Campania
2024-10-08,CAM,16,11,5,16,ITF,ITF3,15,Campania
2024-12-21,VEN,20,9,11,20,ITH,ITH3,5,Veneto
2024-12-21,LOM,228,109,119,228,ITC,ITC4,3,Lombardia
2024-12-04,LOM,2384,1051,1333,2384,ITC,ITC4,3,Lombardia
2024-10-29,LAZ,1758,888,870,1758,ITI,ITI4,12,Lazio
2025-01-28,LOM,196,72,124,196,ITC,ITC4,3,Lombardia
2025-01-11,VEN,43,14,29,43,ITH,ITH3,5,Veneto
2024-10-17,MAR,159,78,81,159,ITI,ITI3,11,Marche
2025-02-20,EMR,11,5,6,11,ITH,ITH5,8,Emilia-Romagna
2024-12-19,UMB,10,7,3,10,ITI,ITI2,10,Umbria
2024-10-27,VEN,17,8,9,17,ITH,ITH3,5,Veneto
2024-11-16,FVG,686,334,352,686,ITH,ITH4,6,Friuli-Venezia Giulia
2024-10-27,LOM,603,294,309,603,ITC,ITC4,3,Lombardia
2025-02-07,LAZ,15,8,7,15,ITI,ITI4,12,Lazio
2025-01-11,PUG,15,6,9,15,ITF,ITF4,16,Puglia
2024-11-17,PUG,22,12,10,22,ITF,ITF4,16,Puglia
2024-12-10,TOS,574,272,302,574,ITI,ITI1,9,Toscana
2024-12-02,BAS,30,13,17,30,ITF,ITF5,17,Basilicata
2024-10-23,EMR,5556,2670,2886,5556,ITH,ITH5,8,Emilia-Romagna
2025-01-08,EMR,236,91,145,236,ITH,ITH5,8,Emilia-Romagna
2025-01-11,PAT,3,2,1,3,ITH,ITH2,4,Provincia Autonoma Trento
2024-12-24,MAR,15,12,3,15,ITI,ITI3,11,Marche
2024-11-17,PAT,1,0,1,1,ITH,ITH2,4,Provincia Autonoma Trento
2024-11-15,SAR,202,99,103,202,ITG,ITG2,20,Sardegna
2024-10-08,LIG,128,68,60,128,ITC,ITC3,7,Liguria
2024-11-07,PAT,88,30,58,88,ITH,ITH2,4,Provincia Autonoma Trento
2024-10-15,PIE,394,217,177,394,ITC,ITC1,1,Piemonte
2024-11-19,BAS,40,21,19,40,ITF,ITF5,17,Basilicata
2025-02-25,PUG,9,3,6,9,ITF,ITF4,16,Puglia
2025-01-25,LAZ,9,3,6,9,ITI,ITI4,12,Lazio
2024-10-15,UMB,4,3,1,4,ITI,ITI2,10,Umbria
2024-11-23,BAS,60,27,33,60,ITF,ITF5,17,Basilicata
2024-11-05,LIG,1204,605,599,1204,ITC,ITC3,7,Liguria
2025-01-08,LOM,190,73,117,190,ITC,ITC4,3,Lombardia
2024-11-21,TOS,2262,990,1272,2262,ITI,ITI1,9,Toscana
2025-01-31,PIE,63,36,27,63,ITC,ITC1,1,Piemonte
2024-12-21,SIC,15,7,8,15,ITG,ITG1,19,Sicilia
2024-11-14,VEN,2538,1256,1282,2538,ITH,ITH3,5,Veneto
2024-11-06,TOS,2880,1305,1575,2880,ITI,ITI1,9,Toscana
2024-11-09,PAT,115,55,60,115,ITH,ITH2,4,Provincia Autonoma Trento
2024-10-21,PAT,268,143,125,268,ITH,ITH2,4,Provincia Autonoma Trento
2025-02-12,EMR,10,6,4,10,ITH,ITH5,8,Emilia-Romagna
2025-03-08,LOM,5,3,2,5,ITC,ITC4,3,Lombardia
2024-12-09,SIC,70,39,31,70,ITG,ITG1,19,Sicilia
2025-02-07,FVG,3,1,2,3,ITH,ITH4,6,Friuli-Venezia Giulia
2024-11-09,PUG,110,54,56,110,ITF,ITF4,16,Puglia
2024-12-04,PUG,475,232,243,475,ITF,ITF4,16,Puglia
2024-10-25,VDA,156,61,95,156,ITC,ITC2,2,Valle d'Aosta / Vallée d'Aoste
2025-01-28,PUG,45,25,20,45,ITF,ITF4,16,Puglia
2024-11-23,CAM,58,29,29,58,ITF,ITF3,15,Campania
2025-02-13,PAT,34,8,26,34,ITH,ITH2,4,Provincia Autonoma Trento
2024-11-22,ABR,177,95,82,177,ITF,ITF1,13,Abruzzo
2024-11-30,LIG,52,26,26,52,ITC,ITC3,7,Liguria
2024-10-25,MOL,50,27,23,50,ITF,ITF2,14,Molise
2025-02-19,PIE,12,5,7,12,ITC,ITC1,1,Piemonte
2024-11-26,SAR,151,77,74,151,ITG,ITG2,20,Sardegna
2024-10-25,MAR,586,291,295,586,ITI,ITI3,11,Marche
2024-11-12,SIC,190,108,82,190,ITG,ITG1,19,Sicilia
2025-02-14,TOS,19,10,9,19,ITI,ITI1,9,Toscana
2025-02-14,EMR,17,5,12,17,ITH,ITH5,8,Emilia-Romagna
2025-01-08,SIC,26,14,12,26,ITG,ITG1,19,Sicilia
2024-09-28,TOS,3,2,1,3,ITI,ITI1,9,Toscana
2025-02-13,PUG,8,2,6,8,ITF,ITF4,16,Puglia
2024-12-04,PAT,265,113,152,265,ITH,ITH2,4,Provincia Autonoma Trento
2024-10-17,FVG,166,88,78,166,ITH,ITH4,6,Friuli-Venezia Giulia
2024-12-09,SAR,57,32,25,57,ITG,ITG2,20,Sardegna
2024-10-07,LIG,70,36,34,70,ITC,ITC3,7,Liguria
2025-01-31,TOS,44,18,26,44,ITI,ITI1,9,Toscana
2025-03-06,LOM,31,11,20,31,ITC,ITC4,3,Lombardia
2024-10-24,CAL,37,19,18,37,ITF,ITF6,18,Calabria
2025-01-28,PAT,16,9,7,16,ITH,ITH2,4,Provincia Autonoma Trento
2024-12-01,LAZ,67,32,35,67,ITI,ITI4,12,Lazio
2024-12-04,LAZ,1084,486,598,1084,ITI,ITI4,12,Lazio
2024-11-20,SAR,233,122,111,233,ITG,ITG2,20,Sardegna
2024-12-13,CAM,76,35,41,76,ITF,ITF3,15,Campania
2025-01-16,FVG,61,27,34,61,ITH,ITH4,6,Friuli-Venezia Giulia
2025-01-17,LOM,155,64,91,155,ITC,ITC4,3,Lombardia
2024-12-31,PAT,7,3,4,7,ITH,ITH2,4,Provincia Autonoma Trento
2024-11-07,SAR,454,232,222,454,ITG,ITG2,20,Sardegna
2024-11-19,CAL,64,42,22,64,ITF,ITF6,18,Calabria
2024-11-08,VDA,163,82,81,163,ITC,ITC2,2,Valle d'Aosta / Vallée d'Aoste
2024-10-18,PIE,1058,552,506,1058,ITC,ITC1,1,Piemonte
2025-02-20,ABR,9,3,6,9,ITF,ITF1,13,Abruzzo
2024-12-31,PUG,15,11,4,15,ITF,ITF4,16,Puglia
2024-12-23,ABR,15,7,8,15,ITF,ITF1,13,Abruzzo
2025-03-17,LOM,18,6,12,18,ITC,ITC4,3,Lombardia
2024-10-29,LOM,8504,4062,4442,8504,ITC,ITC4,3,Lombardia
2024-10-31,TOS,2361,1071,1290,2361,ITI,ITI1,9,Toscana
2024-10-01,CAM,4,3,1,4,ITF,ITF3,15,Campania
2024-11-23,VEN,790,388,402,790,ITH,ITH3,5,Veneto
2024-10-14,FVG,106,48,58,106,ITH,ITH4,6,Friuli-Venezia Giulia
2025-02-28,SIC,2,1,1,2,ITG,ITG1,19,Sicilia
2024-11-05,MOL,4,2,2,4,ITF,ITF2,14,Molise
2025-03-04,LIG,8,2,6,8,ITC,ITC3,7,Liguria
2024-11-17,CAM,2,2,0,2,ITF,ITF3,15,Campania
2025-01-02,PIE,55,29,26,55,ITC,ITC1,1,Piemonte
2024-12-20,UMB,3,2,1,3,ITI,ITI2,10,Umbria
2025-01-03,LAZ,59,24,35,59,ITI,ITI4,12,Lazio
2024-11-11,LOM,6635,3165,3470,6635,ITC,ITC4,3,Lombardia
2024-12-27,VEN,177,48,129,177,ITH,ITH3,5,Veneto
2024-12-02,LOM,2238,1048,1190,2238,ITC,ITC4,3,Lombardia
2024-11-19,MAR,596,261,335,596,ITI,ITI3,11,Marche
2025-01-21,TOS,14,6,8,14,ITI,ITI1,9,Toscana
2024-11-03,PIE,101,46,55,101,ITC,ITC1,1,Piemonte
2024-11-22,PIE,1907,911,996,1907,ITC,ITC1,1,Piemonte
2024-12-17,EMR,809,395,414,809,ITH,ITH5,8,Emilia-Romagna
2024-11-20,UMB,30,17,13,30,ITI,ITI2,10,Umbria
2024-11-26,PAT,193,83,110,193,ITH,ITH2,4,Provincia Autonoma Trento
2024-11-10,FVG,15,6,9,15,ITH,ITH4,6,Friuli-Venezia Giulia
2025-01-14,SIC,30,16,14,30,ITG,ITG1,19,Sicilia
2025-01-24,EMR,128,59,69,128,ITH,ITH5,8,Emilia-Romagna
2025-02-17,LAZ,4,3,1,4,ITI,ITI4,12,Lazio
2024-11-26,PUG,755,387,368,755,ITF,ITF4,16,Puglia
2024-12-20,FVG,311,150,161,311,ITH,ITH4,6,Friuli-Venezia Giulia
2024-10-15,ABR,113,60,53,113,ITF,ITF1,13,Abruzzo
2024-10-26,LAZ,679,335,344,679,ITI,ITI4,12,Lazio
2025-01-29,VEN,60,24,36,60,ITH,ITH3,5,Veneto
2024-10-15,CAL,4,2,2,4,ITF,ITF6,18,Calabria
2024-10-31,MAR,292,144,148,292,ITI,ITI3,11,Marche
2024-12-09,CAL,51,26,25,51,ITF,ITF6,18,Calabria
2024-11-07,UMB,57,34,23,57,ITI,ITI2,10,Umbria
2025-01-10,PAT,32,17,15,32,ITH,ITH2,4,Provincia Autonoma Trento
2024-12-14,CAM,29,18,11,29,ITF,ITF3,15,Campania
2024-10-02,LAZ,79,36,43,79,ITI,ITI4,12,Lazio
2024-11-18,SIC,148,78,70,148,ITG,ITG1,19,Sicilia
2025-02-14,PAB,12,7,5,12,ITH,ITH1,4,Provincia Autonoma Bolzano / Bozen
2025-02-26,LOM,59,26,33,59,ITC,ITC4,3,Lombardia
2025-01-14,VEN,105,39,66,105,ITH,ITH3,5,Veneto
2024-12-19,LOM,974,425,549,974,ITC,ITC4,3,Lombardia
2025-01-10,PUG,48,23,25,48,ITF,ITF4,16,Puglia
2024-11-20,PAB,388,181,207,388,ITH,ITH1,4,Provincia Autonoma Bolzano / Bozen
2024-12-06,PAB,130,64,66,130,ITH,ITH1,4,Provincia Autonoma Bolzano / Bozen
2024-10-16,CAM,35,18,17,35,ITF,ITF3,15,Campania
2024-10-24,SIC,54,26,28,54,ITG,ITG1,19,Sicilia
2024-12-14,MAR,46,27,19,46,ITI,ITI3,11,Marche
2024-12-27,TOS,67,29,38,67,ITI,ITI1,9,Toscana
2025-01-30,LOM,94,45,49,94,ITC,ITC4,3,Lombardia
2024-12-03,SAR,24,14,10,24,ITG,ITG2,20,Sardegna
2024-11-07,PAB,71,25,46,71,ITH,ITH1,4,Provincia Autonoma Bolzano / Bozen
2025-03-05,PIE,4,2,2,4,ITC,ITC1,1,Piemonte
2024-12-21,PAT,2,1,1,2,ITH,ITH2,4,Provincia Autonoma Trento
2024-12-25,LAZ,2,1,1,2,ITI,ITI4,12,Lazio
2025-02-18,TOS,13,7,6,13,ITI,ITI1,9,Toscana
2024-12-30,PAB,1,0,1,1,ITH,ITH1,4,Provincia Autonoma Bolzano / Bozen
2024-12-17,MOL,3,2,1,3,ITF,ITF2,14,Molise
2024-10-10,SIC,13,7,6,13,ITG,ITG1,19,Sicilia
2024-12-16,SAR,9,4,5,9,ITG,ITG2,20,Sardegna
2025-03-11,VEN,3,1,2,3,ITH,ITH3,5,Veneto
2024-10-19,PAB,4,3,1,4,ITH,ITH1,4,Provincia Autonoma Bolzano / Bozen
2024-09-30,PIE,10,6,4,10,ITC,ITC1,1,Piemonte
2025-01-06,PIE,7,2,5,7,ITC,ITC1,1,Piemonte
2025-03-14,PUG,2,2,0,2,ITF,ITF4,16,Puglia
2024-12-28,LAZ,13,8,5,13,ITI,ITI4,12,Lazio
2024-12-05,TOS,921,437,484,921,ITI,ITI1,9,Toscana
2024-11-18,LIG,298,157,141,298,ITC,ITC3,7,Liguria
2024-11-10,MAR,34,13,21,34,ITI,ITI3,11,Marche
2025-01-30,TOS,22,11,11,22,ITI,ITI1,9,Toscana
2024-11-22,TOS,2040,967,1073,2040,ITI,ITI1,9,Toscana
2024-11-07,CAL,93,60,33,93,ITF,ITF6,18,Calabria
2024-10-07,LAZ,135,74,61,135,ITI,ITI4,12,Lazio
2025-01-16,PUG,85,46,39,85,ITF,ITF4,16,Puglia
2025-02-03,VEN,10,4,6,10,ITH,ITH3,5,Veneto
2024-12-02,LAZ,537,232,305,537,ITI,ITI4,12,Lazio
2024-11-07,PUG,658,330,328,658,ITF,ITF4,16,Puglia
2024-11-01,LOM,420,192,228,420,ITC,ITC4,3,Lombardia
2024-12-18,ABR,42,19,23,42,ITF,ITF1,13,Abruzzo
2024-10-16,SIC,30,15,15,30,ITG,ITG1,19,Sicilia
2024-10-31,PIE,2246,1033,1213,2246,ITC,ITC1,1,Piemonte
2024-11-15,VEN,2581,1220,1361,2581,ITH,ITH3,5,Veneto
2024-10-18,VDA,160,82,78,160,ITC,ITC2,2,Valle d'Aosta / Vallée d'Aoste
2024-10-24,LIG,824,421,403,824,ITC,ITC3,7,Liguria
2024-11-27,PUG,638,313,325,638,ITF,ITF4,16,Puglia
2025-02-05,EMR,16,8,8,16,ITH,ITH5,8,Emilia-Romagna
2024-11-27,CAL,57,34,23,57,ITF,ITF6,18,Calabria
2025-03-20,PIE,4,2,2,4,ITC,ITC1,1,Piemonte
2024-12-16,EMR,621,297,324,621,ITH,ITH5,8,Emilia-Romagna
2024-11-19,ABR,194,111,83,194,ITF,ITF1,13,Abruzzo
2024-10-20,LOM,1021,514,507,1021,ITC,ITC4,3,Lombardia
2024-12-06,SIC,133,63,70,133,ITG,ITG1,19,Sicilia
2024-11-29,PIE,1514,730,784,1514,ITC,ITC1,1,Piemonte
2024-10-08,LOM,1598,706,892,1598,ITC,ITC4,3,Lombardia
2024-12-13,PIE,788,370,418,788,ITC,ITC1,1,Piemonte
2024-10-15,PAB,419,222,197,419,ITH,ITH1,4,Provincia Autonoma Bolzano / Bozen
2025-02-11,TOS,9,3,6,9,ITI,ITI1,9,Toscana
2024-11-05,PAB,66,30,36,66,ITH,ITH1,4,Provincia Autonoma Bolzano / Bozen
2025-03-14,PAT,2,2,0,2,ITH,ITH2,4,Provincia Autonoma Trento
2024-12-01,LOM,208,82,126,208,ITC,ITC4,3,Lombardia
2024-11-18,CAL,51,30,21,51,ITF,ITF6,18,Calabria
2024-12-23,PAB,12,5,7,12,ITH,ITH1,4,Provincia Autonoma Bolzano / Bozen
2024-10-07,SIC,11,10,1,11,ITG,ITG1,19,Sicilia
2024-11-18,LOM,5341,2512,2829,5341,ITC,ITC4,3,Lombardia
2024-11-21,LAZ,1619,743,876,1619,ITI,ITI4,12,Lazio
2024-12-04,EMR,1955,919,1036,1955,ITH,ITH5,8,Emilia-Romagna
2024-12-30,PUG,65,34,31,65,ITF,ITF4,16,Puglia
2025-03-13,VEN,3,1,2,3,ITH,ITH3,5,Veneto
2024-11-18,CAM,142,70,72,142,ITF,ITF3,15,Campania
2024-10-01,TOS,44,12,32,44,ITI,ITI1,9,Toscana
2024-10-25,PAB,308,144,164,308,ITH,ITH1,4,Provincia Autonoma Bolzano / Bozen
2025-01-22,EMR,98,48,50,98,ITH,ITH5,8,Emilia-Romagna
2024-10-25,LIG,322,157,165,322,ITC,ITC3,7,Liguria
2025-02-27,LIG,19,6,13,19,ITC,ITC3,7,Liguria
2024-10-16,BAS,10,7,3,10,ITF,ITF5,17,Basilicata
2024-11-28,MAR,201,99,102,201,ITI,ITI3,11,Marche
2024-10-09,FVG,24,13,11,24,ITH,ITH4,6,Friuli-Venezia Giulia
2025-01-13,FVG,38,18,20,38,ITH,ITH4,6,Friuli-Venezia Giulia
2024-11-11,LAZ,1174,560,614,1174,ITI,ITI4,12,Lazio
2024-10-24,LOM,9104,4412,4692,9104,ITC,ITC4,3,Lombardia
2024-10-18,MAR,228,112,116,228,ITI,ITI3,11,Marche
2024-11-15,PAT,212,98,114,212,ITH,ITH2,4,Provincia Autonoma Trento
2024-12-27,PUG,84,47,37,84,ITF,ITF4,16,Puglia
2025-03-04,PUG,1,1,0,1,ITF,ITF4,16,Puglia
2024-11-15,PUG,758,364,394,758,ITF,ITF4,16,Puglia
2024-11-27,PAT,364,169,195,364,ITH,ITH2,4,Provincia Autonoma Trento
2024-12-12,BAS,10,4,6,10,ITF,ITF5,17,Basilicata
2024-12-19,FVG,181,86,95,181,ITH,ITH4,6,Friuli-Venezia Giulia
2025-02-13,LOM,58,20,38,58,ITC,ITC4,3,Lombardia
2024-11-20,SIC,148,74,74,148,ITG,ITG1,19,Sicilia
2024-11-28,PAT,197,97,100,197,ITH,ITH2,4,Provincia Autonoma Trento
2024-11-03,VDA,4,1,3,4,ITC,ITC2,2,Valle d'Aosta / Vallée d'Aoste
2024-12-05,PAB,49,29,20,49,ITH,ITH1,4,Provincia Autonoma Bolzano / Bozen
2025-03-14,FVG,3,2,1,3,ITH,ITH4,6,Friuli-Venezia Giulia
2025-02-19,VEN,7,5,2,7,ITH,ITH3,5,Veneto
2025-01-19,LOM,4,1,3,4,ITC,ITC4,3,Lombardia
2025-01-18,PIE,3,1,2,3,ITC,ITC1,1,Piemonte
2024-11-24,BAS,10,4,6,10,ITF,ITF5,17,Basilicata
2024-10-11,CAL,2,1,1,2,ITF,ITF6,18,Calabria
2025-02-03,PUG,6,2,4,6,ITF,ITF4,16,Puglia
2024-12-29,PIE,13,4,9,13,ITC,ITC1,1,Piemonte
2025-01-20,LIG,29,12,17,29,ITC,ITC3,7,Liguria
2025-01-04,FVG,3,3,0,3,ITH,ITH4,6,Friuli-Venezia Giulia
2025-02-10,PAB,3,1,2,3,ITH,ITH1,4,Provincia Autonoma Bolzano / Bozen
2025-02-06,PUG,7,3,4,7,ITF,ITF4,16,Puglia
2025-01-26,EMR,10,6,4,10,ITH,ITH5,8,Emilia-Romagna
2024-12-16,UMB,11,3,8,11,ITI,ITI2,10,Umbria
2024-12-28,TOS,5,3,2,5,ITI,ITI1,9,Toscana
2024-09-30,TOS,4,1,3,4,ITI,ITI1,9,Toscana
2025-03-12,VEN,5,2,3,5,ITH,ITH3,5,Veneto
2025-03-07,FVG,7,3,4,7,ITH,ITH4,6,Friuli-Venezia Giulia
2024-10-01,SAR,9,5,4,9,ITG,ITG2,20,Sardegna
2025-02-25,PAT,1,1,0,1,ITH,ITH2,4,Provincia Autonoma Trento
2025-02-11,PIE,2,1,1,2,ITC,ITC1,1,Piemonte
2024-12-23,UMB,3,3,0,3,ITI,ITI2,10,Umbria
2025-03-08,LAZ,2,0,2,2,ITI,ITI4,12,Lazio
2025-03-05,MAR,3,2,1,3,ITI,ITI3,11,Marche
2025-02-10,LIG,1,1,0,1,ITC,ITC3,7,Liguria
2025-02-26,FVG,1,1,0,1,ITH,ITH4,6,Friuli-Venezia Giulia
2024-12-26,VEN,1,1,0,1,ITH,ITH3,5,Veneto
2024-10-03,FVG,1,1,0,1,ITH,ITH4,6,Friuli-Venezia Giulia
2024-09-26,SAR,3,2,1,3,ITG,ITG2,20,Sardegna
2025-02-27,FVG,2,1,1,2,ITH,ITH4,6,Friuli-Venezia Giulia
2024-12-18,EMR,872,400,472,872,ITH,ITH5,8,Emilia-Romagna
2024-12-06,PIE,1224,551,673,1224,ITC,ITC1,1,Piemonte
2024-11-25,PAT,158,84,74,158,ITH,ITH2,4,Provincia Autonoma Trento
2024-11-16,MAR,138,67,71,138,ITI,ITI3,11,Marche
2024-10-05,LIG,9,5,4,9,ITC,ITC3,7,Liguria
2024-12-01,EMR,70,30,40,70,ITH,ITH5,8,Emilia-Romagna
2025-01-13,LAZ,24,14,10,24,ITI,ITI4,12,Lazio
2025-02-04,TOS,16,9,7,16,ITI,ITI1,9,Toscana
2025-03-05,LAZ,3,3,0,3,ITI,ITI4,12,Lazio
2024-12-27,UMB,3,1,2,3,ITI,ITI2,10,Umbria
2024-12-03,LIG,552,260,292,552,ITC,ITC3,7,Liguria
2024-11-02,VDA,6,2,4,6,ITC,ITC2,2,Valle d'Aosta / Vallée d'Aoste
2024-11-07,MAR,798,374,424,798,ITI,ITI3,11,Marche
2024-09-24,EMR,4,2,2,4,ITH,ITH5,8,Emilia-Romagna
2024-10-03,PIE,23,11,12,23,ITC,ITC1,1,Piemonte
2024-10-24,LAZ,1441,736,705,1441,ITI,ITI4,12,Lazio
2024-10-15,EMR,3383,1661,1722,3383,ITH,ITH5,8,Emilia-Romagna
2025-01-16,VEN,85,23,62,85,ITH,ITH3,5,Veneto
2024-12-02,FVG,323,155,168,323,ITH,ITH4,6,Friuli-Venezia Giulia
2024-11-07,MOL,5,3,2,5,ITF,ITF2,14,Molise
2025-02-27,SIC,5,1,4,5,ITG,ITG1,19,Sicilia
2024-11-12,TOS,2167,994,1173,2167,ITI,ITI1,9,Toscana
2024-12-14,UMB,12,8,4,12,ITI,ITI2,10,Umbria
2024-11-16,SIC,111,56,55,111,ITG,ITG1,19,Sicilia
2024-11-04,BAS,7,3,4,7,ITF,ITF5,17,Basilicata
2024-11-18,LAZ,1015,480,535,1015,ITI,ITI4,12,Lazio
2024-11-05,ABR,315,174,141,315,ITF,ITF1,13,Abruzzo
2024-12-20,VEN,432,194,238,432,ITH,ITH3,5,Veneto
2024-11-01,LAZ,24,9,15,24,ITI,ITI4,12,Lazio
2024-11-26,VDA,7,1,6,7,ITC,ITC2,2,Valle d'Aosta / Vallée d'Aoste
2024-12-11,VDA,27,14,13,27,ITC,ITC2,2,Valle d'Aosta / Vallée d'Aoste
2024-10-23,PUG,397,211,186,397,ITF,ITF4,16,Puglia
2025-01-16,EMR,126,62,64,126,ITH,ITH5,8,Emilia-Romagna
2024-10-17,VEN,1306,645,661,1306,ITH,ITH3,5,Veneto
2024-12-10,FVG,330,167,163,330,ITH,ITH4,6,Friuli-Venezia Giulia
2024-12-23,EMR,240,122,118,240,ITH,ITH5,8,Emilia-Romagna
2024-12-17,LIG,303,150,153,303,ITC,ITC3,7,Liguria
2024-11-28,SAR,136,73,63,136,ITG,ITG2,20,Sardegna
2025-01-03,ABR,10,3,7,10,ITF,ITF1,13,Abruzzo
2025-01-20,SIC,27,14,13,27,ITG,ITG1,19,Sicilia
2025-01-25,LOM,60,25,35,60,ITC,ITC4,3,Lombardia
2024-11-13,FVG,1197,519,678,1197,ITH,ITH4,6,Friuli-Venezia Giulia
2024-11-28,PIE,1257,577,680,1257,ITC,ITC1,1,Piemonte
2025-01-23,LOM,270,79,191,270,ITC,ITC4,3,Lombardia
2024-12-06,CAL,27,10,17,27,ITF,ITF6,18,Calabria
2024-11-27,SAR,156,78,78,156,ITG,ITG2,20,Sardegna
2024-12-18,BAS,13,8,5,13,ITF,ITF5,17,Basilicata
2025-02-03,PIE,20,8,12,20,ITC,ITC1,1,Piemonte
2025-03-18,FVG,3,2,1,3,ITH,ITH4,6,Friuli-Venezia Giulia
2024-10-30,PIE,1679,791,888,1679,ITC,ITC1,1,Piemonte
2024-10-15,VEN,1351,646,705,1351,ITH,ITH3,5,Veneto
2024-10-23,PAT,532,244,288,532,ITH,ITH2,4,Provincia Autonoma Trento
2025-01-17,MAR,7,5,2,7,ITI,ITI3,11,Marche
2024-12-19,BAS,18,14,4,18,ITF,ITF5,17,Basilicata
2025-01-02,CAM,9,5,4,9,ITF,ITF3,15,Campania
2024-12-24,VEN,27,14,13,27,ITH,ITH3,5,Veneto
2024-12-20,EMR,547,264,283,547,ITH,ITH5,8,Emilia-Romagna
2024-11-23,ABR,86,47,39,86,ITF,ITF1,13,Abruzzo
2025-03-13,PUG,6,3,3,6,ITF,ITF4,16,Puglia
2024-11-17,PIE,21,7,14,21,ITC,ITC1,1,Piemonte
2024-11-27,LOM,4082,1855,2227,4082,ITC,ITC4,3,Lombardia
2024-10-28,MAR,358,190,168,358,ITI,ITI3,11,Marche
2024-11-06,LIG,650,315,335,650,ITC,ITC3,7,Liguria
2024-11-15,SIC,196,108,88,196,ITG,ITG1,19,Sicilia
2024-12-23,SIC,43,22,21,43,ITG,ITG1,19,Sicilia
2025-01-21,LIG,57,29,28,57,ITC,ITC3,7,Liguria
2025-01-06,EMR,3,1,2,3,ITH,ITH5,8,Emilia-Romagna
2025-01-15,PIE,128,62,66,128,ITC,ITC1,1,Piemonte
2024-11-06,PAB,503,260,243,503,ITH,ITH1,4,Provincia Autonoma Bolzano / Bozen
2025-01-24,LAZ,46,21,25,46,ITI,ITI4,12,Lazio
2024-12-27,LIG,24,11,13,24,ITC,ITC3,7,Liguria
2025-03-13,PAT,3,2,1,3,ITH,ITH2,4,Provincia Autonoma Trento
2024-12-04,VDA,41,14,27,41,ITC,ITC2,2,Valle d'Aosta / Vallée d'Aoste
2025-01-08,TOS,64,34,30,64,ITI,ITI1,9,Toscana
2024-11-08,LAZ,1701,825,876,1701,ITI,ITI4,12,Lazio
2024-12-09,PUG,218,121,97,218,ITF,ITF4,16,Puglia
2024-12-30,MAR,30,15,15,30,ITI,ITI3,11,Marche
2024-10-14,TOS,967,462,505,967,ITI,ITI1,9,Toscana
2024-10-28,SIC,68,42,26,68,ITG,ITG1,19,Sicilia
2025-01-09,LIG,90,36,54,90,ITC,ITC3,7,Liguria
2025-02-14,FVG,6,3,3,6,ITH,ITH4,6,Friuli-Venezia Giulia
2024-12-12,LAZ,650,295,355,650,ITI,ITI4,12,Lazio
2024-11-25,CAM,192,100,92,192,ITF,ITF3,15,Campania
2024-10-11,LIG,96,51,45,96,ITC,ITC3,7,Liguria
2024-11-26,MAR,190,86,104,190,ITI,ITI3,11,Marche
2024-12-31,FVG,21,11,10,21,ITH,ITH4,6,Friuli-Venezia Giulia
2025-01-22,LIG,27,11,16,27,ITC,ITC3,7,Liguria
2024-11-09,LIG,90,44,46,90,ITC,ITC3,7,Liguria
2024-10-07,PIE,60,35,25,60,ITC,ITC1,1,Piemonte
2024-11-23,FVG,489,238,251,489,ITH,ITH4,6,Friuli-Venezia Giulia
2025-01-31,LIG,14,4,10,14,ITC,ITC3,7,Liguria
2024-12-01,VEN,8,6,2,8,ITH,ITH3,5,Veneto
2025-02-09,PIE,1,1,0,1,ITC,ITC1,1,Piemonte
2025-02-15,LOM,74,22,52,74,ITC,ITC4,3,Lombardia
2024-11-13,CAL,166,99,67,166,ITF,ITF6,18,Calabria
2024-12-04,FVG,268,124,144,268,ITH,ITH4,6,Friuli-Venezia Giulia
2025-01-04,LAZ,15,7,8,15,ITI,ITI4,12,Lazio
2024-11-12,LAZ,1581,763,818,1581,ITI,ITI4,12,Lazio
2024-11-29,BAS,39,19,20,39,ITF,ITF5,17,Basilicata
2024-11-28,ABR,210,99,111,210,ITF,ITF1,13,Abruzzo
2025-01-08,PUG,47,25,22,47,ITF,ITF4,16,Puglia
2024-10-17,CAM,72,39,33,72,ITF,ITF3,15,Campania
2025-01-19,LAZ,7,2,5,7,ITI,ITI4,12,Lazio
2024-11-10,LAZ,57,23,34,57,ITI,ITI4,12,Lazio
2024-10-30,CAL,26,14,12,26,ITF,ITF6,18,Calabria
2024-12-29,EMR,8,1,7,8,ITH,ITH5,8,Emilia-Romagna
2024-11-30,TOS,164,73,91,164,ITI,ITI1,9,Toscana
2024-10-30,ABR,158,93,65,158,ITF,ITF1,13,Abruzzo
2024-10-18,CAM,70,34,36,70,ITF,ITF3,15,Campania
2024-11-28,CAL,67,27,40,67,ITF,ITF6,18,Calabria
2025-01-08,PAT,4,2,2,4,ITH,ITH2,4,Provincia Autonoma Trento
2025-01-25,EMR,8,3,5,8,ITH,ITH5,8,Emilia-Romagna
2025-02-21,PIE,26,10,16,26,ITC,ITC1,1,Piemonte
2024-11-11,MOL,8,5,3,8,ITF,ITF2,14,Molise
2025-03-15,PIE,2,1,1,2,ITC,ITC1,1,Piemonte
2025-01-11,FVG,2,0,2,2,ITH,ITH4,6,Friuli-Venezia Giulia
2025-01-10,MAR,9,2,7,9,ITI,ITI3,11,Marche
2025-01-05,LAZ,1,0,1,1,ITI,ITI4,12,Lazio
2025-01-09,PAB,5,1,4,5,ITH,ITH1,4,Provincia Autonoma Bolzano / Bozen
2025-03-07,LIG,1,1,0,1,ITC,ITC3,7,Liguria
2024-12-08,BAS,2,1,1,2,ITF,ITF5,17,Basilicata
2024-11-14,MOL,5,4,1,5,ITF,ITF2,14,Molise
2025-01-25,VEN,3,3,0,3,ITH,ITH3,5,Veneto
2025-02-04,LAZ,5,2,3,5,ITI,ITI4,12,Lazio
2024-11-05,FVG,821,389,432,821,ITH,ITH4,6,Friuli-Venezia Giulia
2024-10-27,TOS,72,29,43,72,ITI,ITI1,9,Toscana
2024-10-07,MAR,6,2,4,6,ITI,ITI3,11,Marche
2024-11-25,UMB,8,6,2,8,ITI,ITI2,10,Umbria
2024-11-18,TOS,1615,777,838,1615,ITI,ITI1,9,Toscana
2025-02-05,LAZ,47,17,30,47,ITI,ITI4,12,Lazio
2024-12-09,TOS,484,222,262,484,ITI,ITI1,9,Toscana
2025-02-20,VEN,12,5,7,12,ITH,ITH3,5,Veneto
2024-12-09,PAB,90,40,50,90,ITH,ITH1,4,Provincia Autonoma Bolzano / Bozen
2024-10-03,MOL,12,7,5,12,ITF,ITF2,14,Molise
2024-10-25,SAR,96,46,50,96,ITG,ITG2,20,Sardegna
2024-10-04,SAR,13,8,5,13,ITG,ITG2,20,Sardegna
2024-10-28,CAL,68,45,23,68,ITF,ITF6,18,Calabria
2024-10-27,PIE,25,12,13,25,ITC,ITC1,1,Piemonte
2024-10-10,LAZ,255,120,135,255,ITI,ITI4,12,Lazio
2024-10-15,LOM,6532,3163,3369,6532,ITC,ITC4,3,Lombardia
2024-11-30,PIE,487,248,239,487,ITC,ITC1,1,Piemonte
2024-10-26,PIE,806,388,418,806,ITC,ITC1,1,Piemonte
2024-11-13,EMR,5590,2663,2927,5590,ITH,ITH5,8,Emilia-Romagna
2024-12-11,EMR,1366,654,712,1366,ITH,ITH5,8,Emilia-Romagna
2024-12-21,PIE,107,52,55,107,ITC,ITC1,1,Piemonte
2024-11-22,LOM,5063,2333,2730,5063,ITC,ITC4,3,Lombardia
2025-01-22,PUG,43,21,22,43,ITF,ITF4,16,Puglia
2024-10-07,CAM,18,11,7,18,ITF,ITF3,15,Campania
2024-09-30,LOM,123,69,54,123,ITC,ITC4,3,Lombardia
2024-12-24,LAZ,43,22,21,43,ITI,ITI4,12,Lazio
2024-09-19,PUG,8,4,4,8,ITF,ITF4,16,Puglia
2025-02-15,LAZ,9,4,5,9,ITI,ITI4,12,Lazio
2025-03-10,LOM,16,7,9,16,ITC,ITC4,3,Lombardia
2024-11-15,EMR,3965,1809,2156,3965,ITH,ITH5,8,Emilia-Romagna
2024-10-23,PAB,465,235,230,465,ITH,ITH1,4,Provincia Autonoma Bolzano / Bozen
2024-12-18,VEN,556,263,293,556,ITH,ITH3,5,Veneto
2025-01-07,LIG,86,38,48,86,ITC,ITC3,7,Liguria
2024-10-21,SIC,29,16,13,29,ITG,ITG1,19,Sicilia
2024-12-12,MAR,122,63,59,122,ITI,ITI3,11,Marche
2024-09-26,LOM,88,51,37,88,ITC,ITC4,3,Lombardia
2025-01-27,SIC,15,9,6,15,ITG,ITG1,19,Sicilia
2024-10-23,SAR,141,68,73,141,ITG,ITG2,20,Sardegna
2025-01-07,ABR,25,16,9,25,ITF,ITF1,13,Abruzzo
2024-10-21,VEN,1245,650,595,1245,ITH,ITH3,5,Veneto
2024-12-18,SIC,70,31,39,70,ITG,ITG1,19,Sicilia
2024-11-27,BAS,44,24,20,44,ITF,ITF5,17,Basilicata
2024-12-28,MAR,8,3,5,8,ITI,ITI3,11,Marche
2024-11-27,ABR,160,82,78,160,ITF,ITF1,13,Abruzzo
2024-10-28,LIG,423,214,209,423,ITC,ITC3,7,Liguria
2024-11-05,SAR,271,151,120,271,ITG,ITG2,20,Sardegna
2024-10-23,UMB,6,2,4,6,ITI,ITI2,10,Umbria
2025-01-22,PAT,26,10,16,26,ITH,ITH2,4,Provincia Autonoma Trento
2024-11-28,BAS,29,18,11,29,ITF,ITF5,17,Basilicata
2025-02-08,TOS,23,14,9,23,ITI,ITI1,9,Toscana
2024-10-30,MOL,13,8,5,13,ITF,ITF2,14,Molise
2025-03-03,EMR,7,3,4,7,ITH,ITH5,8,Emilia-Romagna
2025-01-15,MAR,8,5,3,8,ITI,ITI3,11,Marche
2025-01-08,PAB,3,3,0,3,ITH,ITH1,4,Provincia Autonoma Bolzano / Bozen
2024-10-02,SAR,12,8,4,12,ITG,ITG2,20,Sardegna
2025-02-12,PAT,1,0,1,1,ITH,ITH2,4,Provincia Autonoma Trento
2024-12-16,VDA,9,1,8,9,ITC,ITC2,2,Valle d'Aosta / Vallée d'Aoste
2024-10-18,UMB,9,6,3,9,ITI,ITI2,10,Umbria
2024-10-01,EMR,25,13,12,25,ITH,ITH5,8,Emilia-Romagna
2025-03-19,LAZ,1,0,1,1,ITI,ITI4,12,Lazio
2024-12-15,PUG,3,0,3,3,ITF,ITF4,16,Puglia
2025-02-13,PIE,1,1,0,1,ITC,ITC1,1,Piemonte
2025-02-24,FVG,13,4,9,13,ITH,ITH4,6,Friuli-Venezia Giulia
2025-03-19,TOS,4,2,2,4,ITI,ITI1,9,Toscana
2024-11-30,BAS,21,11,10,21,ITF,ITF5,17,Basilicata
2024-11-30,VDA,4,3,1,4,ITC,ITC2,2,Valle d'Aosta / Vallée d'Aoste
2024-11-06,UMB,17,8,9,17,ITI,ITI2,10,Umbria
2025-01-11,EMR,6,3,3,6,ITH,ITH5,8,Emilia-Romagna
2024-10-07,VDA,6,3,3,6,ITC,ITC2,2,Valle d'Aosta / Vallée d'Aoste
2025-01-13,CAM,5,2,3,5,ITF,ITF3,15,Campania
2024-09-30,VEN,2,1,1,2,ITH,ITH3,5,Veneto
2024-10-05,LAZ,4,1,3,4,ITI,ITI4,12,Lazio
2025-02-04,MAR,2,0,2,2,ITI,ITI3,11,Marche
2024-12-26,EMR,4,3,1,4,ITH,ITH5,8,Emilia-Romagna
2025-01-16,LIG,8,3,5,8,ITC,ITC3,7,Liguria
2025-02-02,EMR,1,1,0,1,ITH,ITH5,8,Emilia-Romagna
2025-01-26,VEN,1,1,0,1,ITH,ITH3,5,Veneto
2025-02-13,MAR,1,0,1,1,ITI,ITI3,11,Marche
2024-10-22,BAS,1,1,0,1,ITF,ITF5,17,Basilicata
2025-03-12,PUG,1,0,1,1,ITF,ITF4,16,Puglia
2025-02-11,SAR,1,1,0,1,ITG,ITG2,20,Sardegna
2024-10-20,ABR,1,1,0,1,ITF,ITF1,13,Abruzzo
2025-03-11,FVG,1,0,1,1,ITH,ITH4,6,Friuli-Venezia Giulia
2025-02-06,MAR,1,1,0,1,ITI,ITI3,11,Marche
2024-09-25,LOM,70,33,37,70,ITC,ITC4,3,Lombardia
2024-12-12,UMB,9,2,7,9,ITI,ITI2,10,Umbria
2025-02-19,TOS,9,4,5,9,ITI,ITI1,9,Toscana
2024-11-08,PIE,2534,1229,1305,2534,ITC,ITC1,1,Piemonte
2024-11-09,BAS,34,17,17,34,ITF,ITF5,17,Basilicata
2024-12-06,LIG,277,133,144,277,ITC,ITC3,7,Liguria
2024-10-15,TOS,1165,526,639,1165,ITI,ITI1,9,Toscana
2024-11-19,PAB,422,186,236,422,ITH,ITH1,4,Provincia Autonoma Bolzano / Bozen
2024-10-28,ABR,146,73,73,146,ITF,ITF1,13,Abruzzo
2024-12-19,LIG,307,138,169,307,ITC,ITC3,7,Liguria
2024-10-03,LIG,45,26,19,45,ITC,ITC3,7,Liguria
2024-11-27,TOS,1680,767,913,1680,ITI,ITI1,9,Toscana
2024-11-05,SIC,150,78,72,150,ITG,ITG1,19,Sicilia
2024-12-02,SAR,65,35,30,65,ITG,ITG2,20,Sardegna
2024-12-03,FVG,443,214,229,443,ITH,ITH4,6,Friuli-Venezia Giulia
2024-12-20,LAZ,384,175,209,384,ITI,ITI4,12,Lazio
2024-12-29,MAR,73,37,36,73,ITI,ITI3,11,Marche
2025-01-23,TOS,60,17,43,60,ITI,ITI1,9,Toscana
2024-11-04,MAR,256,127,129,256,ITI,ITI3,11,Marche
2024-11-16,CAM,65,36,29,65,ITF,ITF3,15,Campania
2025-01-17,FVG,70,34,36,70,ITH,ITH4,6,Friuli-Venezia Giulia
2024-12-01,TOS,14,9,5,14,ITI,ITI1,9,Toscana
2025-02-14,LIG,11,4,7,11,ITC,ITC3,7,Liguria
2025-01-10,EMR,126,65,61,126,ITH,ITH5,8,Emilia-Romagna
2024-11-02,EMR,580,282,298,580,ITH,ITH5,8,Emilia-Romagna
2024-10-16,CAL,21,13,8,21,ITF,ITF6,18,Calabria
2025-02-12,LOM,62,18,44,62,ITC,ITC4,3,Lombardia
2024-09-27,FVG,23,11,12,23,ITH,ITH4,6,Friuli-Venezia Giulia
2024-10-12,LOM,1565,765,800,1565,ITC,ITC4,3,Lombardia
2024-12-31,VEN,32,18,14,32,ITH,ITH3,5,Veneto
2025-01-21,PAT,8,4,4,8,ITH,ITH2,4,Provincia Autonoma Trento
2025-01-09,PAT,8,3,5,8,ITH,ITH2,4,Provincia Autonoma Trento
2024-11-17,TOS,19,11,8,19,ITI,ITI1,9,Toscana
2024-11-19,VEN,3083,1484,1599,3083,ITH,ITH3,5,Veneto
2024-11-29,MAR,136,66,70,136,ITI,ITI3,11,Marche
2024-12-19,PAB,8,5,3,8,ITH,ITH1,4,Provincia Autonoma Bolzano / Bozen
2024-11-19,SAR,238,126,112,238,ITG,ITG2,20,Sardegna
2024-11-25,LIG,529,227,302,529,ITC,ITC3,7,Liguria
2024-11-06,PIE,1748,774,974,1748,ITC,ITC1,1,Piemonte
2025-01-29,FVG,19,11,8,19,ITH,ITH4,6,Friuli-Venezia Giulia
2024-10-09,PIE,32,20,12,32,ITC,ITC1,1,Piemonte
2024-12-22,EMR,36,14,22,36,ITH,ITH5,8,Emilia-Romagna
2025-02-07,EMR,26,12,14,26,ITH,ITH5,8,Emilia-Romagna
2024-10-11,ABR,43,28,15,43,ITF,ITF1,13,Abruzzo
2024-12-08,LAZ,3,3,0,3,ITI,ITI4,12,Lazio
2025-03-04,TOS,2,0,2,2,ITI,ITI1,9,Toscana
2024-09-28,LIG,1,0,1,1,ITC,ITC3,7,Liguria
2024-12-12,SAR,34,15,19,34,ITG,ITG2,20,Sardegna
2025-02-28,LAZ,5,2,3,5,ITI,ITI4,12,Lazio
2024-12-11,BAS,33,18,15,33,ITF,ITF5,17,Basilicata
2025-01-31,PAT,2,2,0,2,ITH,ITH2,4,Provincia Autonoma Trento
2025-01-30,MAR,3,2,1,3,ITI,ITI3,11,Marche
2024-12-09,MOL,2,1,1,2,ITF,ITF2,14,Molise
2024-10-26,SIC,6,2,4,6,ITG,ITG1,19,Sicilia
2025-01-04,PUG,6,1,5,6,ITF,ITF4,16,Puglia
2025-02-19,LAZ,3,2,1,3,ITI,ITI4,12,Lazio
2025-03-06,VEN,3,3,0,3,ITH,ITH3,5,Veneto
2024-12-04,MOL,2,1,1,2,ITF,ITF2,14,Molise
2025-02-12,FVG,1,1,0,1,ITH,ITH4,6,Friuli-Venezia Giulia
2025-02-26,LIG,1,0,1,1,ITC,ITC3,7,Liguria
2024-11-30,PAB,1,0,1,1,ITH,ITH1,4,Provincia Autonoma Bolzano / Bozen
2025-01-07,UMB,1,0,1,1,ITI,ITI2,10,Umbria
2025-01-07,SAR,2,2,0,2,ITG,ITG2,20,Sardegna
2025-03-10,PUG,1,1,0,1,ITF,ITF4,16,Puglia
2024-09-19,LOM,2,0,2,2,ITC,ITC4,3,Lombardia
2024-10-05,TOS,4,3,1,4,ITI,ITI1,9,Toscana
2025-03-10,PIE,6,3,3,6,ITC,ITC1,1,Piemonte
2024-12-06,UMB,4,2,2,4,ITI,ITI2,10,Umbria
2025-02-11,MAR,3,1,2,3,ITI,ITI3,11,Marche
2024-10-20,PUG,1,0,1,1,ITF,ITF4,16,Puglia
2024-12-01,FVG,1,0,1,1,ITH,ITH4,6,Friuli-Venezia Giulia
2025-02-21,LIG,5,2,3,5,ITC,ITC3,7,Liguria
2024-11-17,LIG,1,0,1,1,ITC,ITC3,7,Liguria
2025-03-11,LAZ,1,0,1,1,ITI,ITI4,12,Lazio
2025-02-12,VDA,3,1,2,3,ITC,ITC2,2,Valle d'Aosta / Vallée d'Aoste
2024-11-17,PAB,4,1,3,4,ITH,ITH1,4,Provincia Autonoma Bolzano / Bozen
2024-11-19,MOL,7,5,2,7,ITF,ITF2,14,Molise
2024-11-24,CAM,3,2,1,3,ITF,ITF3,15,Campania
2025-02-06,SAR,2,1,1,2,ITG,ITG2,20,Sardegna
2024-09-30,ABR,1,0,1,1,ITF,ITF1,13,Abruzzo
2024-12-27,SIC,40,23,17,40,ITG,ITG1,19,Sicilia
2024-11-23,LOM,2958,1424,1534,2958,ITC,ITC4,3,Lombardia
2024-12-14,LIG,81,39,42,81,ITC,ITC3,7,Liguria
2024-10-03,LOM,476,237,239,476,ITC,ITC4,3,Lombardia
2024-12-08,PIE,9,4,5,9,ITC,ITC1,1,Piemonte
2025-03-12,FVG,15,6,9,15,ITH,ITH4,6,Friuli-Venezia Giulia
2024-12-09,BAS,65,23,42,65,ITF,ITF5,17,Basilicata
2025-01-20,TOS,20,9,11,20,ITI,ITI1,9,Toscana
2024-12-10,PAT,53,29,24,53,ITH,ITH2,4,Provincia Autonoma Trento
2024-11-13,CAM,162,83,79,162,ITF,ITF3,15,Campania
2024-12-10,PUG,588,293,295,588,ITF,ITF4,16,Puglia
2024-11-21,PIE,1638,800,838,1638,ITC,ITC1,1,Piemonte
2024-11-25,PIE,1063,474,589,1063,ITC,ITC1,1,Piemonte
2024-12-04,CAM,122,63,59,122,ITF,ITF3,15,Campania
2024-11-04,PIE,1357,655,702,1357,ITC,ITC1,1,Piemonte
2025-02-11,LIG,21,9,12,21,ITC,ITC3,7,Liguria
2025-01-09,SIC,34,19,15,34,ITG,ITG1,19,Sicilia
2024-11-22,BAS,43,15,28,43,ITF,ITF5,17,Basilicata
2024-12-06,ABR,94,49,45,94,ITF,ITF1,13,Abruzzo
2024-10-17,EMR,4104,2009,2095,4104,ITH,ITH5,8,Emilia-Romagna
2024-12-24,EMR,34,14,20,34,ITH,ITH5,8,Emilia-Romagna
2024-11-05,CAM,131,80,51,131,ITF,ITF3,15,Campania
2024-12-02,ABR,86,46,40,86,ITF,ITF1,13,Abruzzo
2024-11-29,UMB,17,7,10,17,ITI,ITI2,10,Umbria
2025-01-29,LIG,20,7,13,20,ITC,ITC3,7,Liguria
2025-02-06,LAZ,21,9,12,21,ITI,ITI4,12,Lazio
2024-10-20,VEN,28,13,15,28,ITH,ITH3,5,Veneto
2024-12-15,SIC,3,2,1,3,ITG,ITG1,19,Sicilia
2025-01-07,TOS,43,21,22,43,ITI,ITI1,9,Toscana
2024-11-29,SAR,25,11,14,25,ITG,ITG2,20,Sardegna
2025-02-12,LIG,9,4,5,9,ITC,ITC3,7,Liguria
2025-01-01,EMR,15,9,6,15,ITH,ITH5,8,Emilia-Romagna
2024-11-20,PIE,1602,687,915,1602,ITC,ITC1,1,Piemonte
2024-11-05,LOM,8891,4289,4602,8891,ITC,ITC4,3,Lombardia
2024-09-28,LOM,85,44,41,85,ITC,ITC4,3,Lombardia
2025-01-18,LIG,20,8,12,20,ITC,ITC3,7,Liguria
2024-10-29,CAL,58,35,23,58,ITF,ITF6,18,Calabria
2024-11-04,SAR,192,97,95,192,ITG,ITG2,20,Sardegna
2024-11-30,PUG,148,64,84,148,ITF,ITF4,16,Puglia
2024-10-30,CAM,104,59,45,104,ITF,ITF3,15,Campania
2024-12-19,SAR,17,10,7,17,ITG,ITG2,20,Sardegna
2025-01-22,MAR,13,4,9,13,ITI,ITI3,11,Marche
2025-01-07,PUG,32,22,10,32,ITF,ITF4,16,Puglia
2024-12-10,CAM,89,46,43,89,ITF,ITF3,15,Campania
2024-12-21,LIG,20,10,10,20,ITC,ITC3,7,Liguria
2025-02-26,PIE,11,9,2,11,ITC,ITC1,1,Piemonte
2024-12-13,VDA,32,12,20,32,ITC,ITC2,2,Valle d'Aosta / Vallée d'Aoste
2024-12-06,FVG,485,235,250,485,ITH,ITH4,6,Friuli-Venezia Giulia
2024-10-22,PIE,1289,598,691,1289,ITC,ITC1,1,Piemonte
2024-12-03,SIC,158,77,81,158,ITG,ITG1,19,Sicilia
2024-11-15,TOS,2401,1143,1258,2401,ITI,ITI1,9,Toscana
2024-10-26,LOM,6442,3205,3237,6442,ITC,ITC4,3,Lombardia
2024-10-22,SAR,170,75,95,170,ITG,ITG2,20,Sardegna
2024-11-16,TOS,784,350,434,784,ITI,ITI1,9,Toscana
2024-12-18,UMB,22,12,10,22,ITI,ITI2,10,Umbria
2025-01-03,LOM,280,108,172,280,ITC,ITC4,3,Lombardia
2024-10-01,LIG,23,13,10,23,ITC,ITC3,7,Liguria
2025-03-17,ABR,1,0,1,1,ITF,ITF1,13,Abruzzo
2025-01-28,FVG,17,12,5,17,ITH,ITH4,6,Friuli-Venezia Giulia
2024-10-18,PUG,302,158,144,302,ITF,ITF4,16,Puglia
2024-11-06,SIC,105,56,49,105,ITG,ITG1,19,Sicilia
2024-10-14,LAZ,464,247,217,464,ITI,ITI4,12,Lazio
2024-10-31,CAL,58,38,20,58,ITF,ITF6,18,Calabria
2025-02-24,VEN,5,3,2,5,ITH,ITH3,5,Veneto
2024-10-08,SAR,22,12,10,22,ITG,ITG2,20,Sardegna
2024-11-30,PAT,18,10,8,18,ITH,ITH2,4,Provincia Autonoma Trento
2025-02-03,FVG,6,4,2,6,ITH,ITH4,6,Friuli-Venezia Giulia
2024-10-03,SAR,5,3,2,5,ITG,ITG2,20,Sardegna
2025-03-19,PIE,4,3,1,4,ITC,ITC1,1,Piemonte
2025-02-05,FVG,8,3,5,8,ITH,ITH4,6,Friuli-Venezia Giulia
2024-09-27,LAZ,10,4,6,10,ITI,ITI4,12,Lazio
2025-01-31,SIC,18,8,10,18,ITG,ITG1,19,Sicilia
2024-10-12,VDA,24,15,9,24,ITC,ITC2,2,Valle d'Aosta / Vallée d'Aoste
2025-01-31,MAR,4,2,2,4,ITI,ITI3,11,Marche
2024-10-03,ABR,2,1,1,2,ITF,ITF1,13,Abruzzo
2025-02-16,LOM,1,0,1,1,ITC,ITC4,3,Lombardia
2025-02-28,LIG,6,2,4,6,ITC,ITC3,7,Liguria
2024-10-20,PAB,1,0,1,1,ITH,ITH1,4,Provincia Autonoma Bolzano / Bozen
2024-12-28,PUG,2,1,1,2,ITF,ITF4,16,Puglia
2024-12-17,VDA,11,5,6,11,ITC,ITC2,2,Valle d'Aosta / Vallée d'Aoste
2025-03-11,PAT,3,2,1,3,ITH,ITH2,4,Provincia Autonoma Trento
2025-01-10,VDA,2,1,1,2,ITC,ITC2,2,Valle d'Aosta / Vallée d'Aoste
2025-01-07,PAT,8,5,3,8,ITH,ITH2,4,Provincia Autonoma Trento
2025-02-20,FVG,1,0,1,1,ITH,ITH4,6,Friuli-Venezia Giulia
2025-01-20,MAR,1,1,0,1,ITI,ITI3,11,Marche
2025-03-19,ABR,1,1,0,1,ITF,ITF1,13,Abruzzo
2025-02-15,EMR,1,1,0,1,ITH,ITH5,8,Emilia-Romagna
2025-01-15,SAR,2,1,1,2,ITG,ITG2,20,Sardegna
2025-02-25,FVG,2,1,1,2,ITH,ITH4,6,Friuli-Venezia Giulia
2024-12-15,MAR,1,0,1,1,ITI,ITI3,11,Marche
2024-12-15,VDA,1,1,0,1,ITC,ITC2,2,Valle d'Aosta / Vallée d'Aoste
2025-03-19,LIG,9,3,6,9,ITC,ITC3,7,Liguria
2024-12-06,MAR,119,63,56,119,ITI,ITI3,11,Marche
2024-11-20,LAZ,1534,747,787,1534,ITI,ITI4,12,Lazio
2024-12-14,FVG,51,20,31,51,ITH,ITH4,6,Friuli-Venezia Giulia
2024-10-23,LIG,571,306,265,571,ITC,ITC3,7,Liguria
2024-12-04,MAR,131,62,69,131,ITI,ITI3,11,Marche
2024-10-25,CAL,27,15,12,27,ITF,ITF6,18,Calabria
2024-11-03,LAZ,9,3,6,9,ITI,ITI4,12,Lazio
2025-01-20,EMR,63,25,38,63,ITH,ITH5,8,Emilia-Romagna
2025-02-21,LAZ,9,3,6,9,ITI,ITI4,12,Lazio
2024-10-19,LIG,94,43,51,94,ITC,ITC3,7,Liguria
2025-01-04,VEN,7,2,5,7,ITH,ITH3,5,Veneto
2024-12-11,PAB,12,7,5,12,ITH,ITH1,4,Provincia Autonoma Bolzano / Bozen
2024-10-22,LAZ,1257,652,605,1257,ITI,ITI4,12,Lazio
2024-11-16,LOM,4495,2169,2326,4495,ITC,ITC4,3,Lombardia
2024-12-11,SAR,32,16,16,32,ITG,ITG2,20,Sardegna
2024-11-09,MOL,28,16,12,28,ITF,ITF2,14,Molise
2024-10-10,PUG,115,72,43,115,ITF,ITF4,16,Puglia
2025-03-08,LIG,2,1,1,2,ITC,ITC3,7,Liguria
2024-10-09,EMR,1250,617,633,1250,ITH,ITH5,8,Emilia-Romagna
2024-10-24,PAB,637,336,301,637,ITH,ITH1,4,Provincia Autonoma Bolzano / Bozen
2024-11-06,ABR,248,130,118,248,ITF,ITF1,13,Abruzzo
2025-01-08,MAR,3,1,2,3,ITI,ITI3,11,Marche
2024-12-09,MAR,68,27,41,68,ITI,ITI3,11,Marche
2025-03-13,LIG,2,1,1,2,ITC,ITC3,7,Liguria
2024-10-10,CAM,18,10,8,18,ITF,ITF3,15,Campania
2024-11-06,LOM,8877,4195,4682,8877,ITC,ITC4,3,Lombardia
2024-11-08,EMR,6040,2873,3167,6040,ITH,ITH5,8,Emilia-Romagna
2025-01-04,LOM,58,27,31,58,ITC,ITC4,3,Lombardia
2024-10-10,PIE,90,50,40,90,ITC,ITC1,1,Piemonte
2025-01-30,SIC,10,4,6,10,ITG,ITG1,19,Sicilia
2024-12-27,PAT,12,3,9,12,ITH,ITH2,4,Provincia Autonoma Trento
2025-01-30,LIG,19,11,8,19,ITC,ITC3,7,Liguria
2024-11-22,LIG,398,191,207,398,ITC,ITC3,7,Liguria
2025-01-08,LIG,137,65,72,137,ITC,ITC3,7,Liguria
2024-11-08,SAR,295,165,130,295,ITG,ITG2,20,Sardegna
2025-01-02,LAZ,51,30,21,51,ITI,ITI4,12,Lazio
2024-10-23,MAR,538,283,255,538,ITI,ITI3,11,Marche
2024-10-25,VEN,2312,1148,1164,2312,ITH,ITH3,5,Veneto
2024-11-05,TOS,2398,1083,1315,2398,ITI,ITI1,9,Toscana
2024-12-05,LIG,512,247,265,512,ITC,ITC3,7,Liguria
2024-11-18,PAB,235,110,125,235,ITH,ITH1,4,Provincia Autonoma Bolzano / Bozen
2025-01-13,LOM,200,91,109,200,ITC,ITC4,3,Lombardia
2024-10-28,PAB,218,89,129,218,ITH,ITH1,4,Provincia Autonoma Bolzano / Bozen
2025-03-12,LIG,7,4,3,7,ITC,ITC3,7,Liguria
2024-11-16,VEN,1622,832,790,1622,ITH,ITH3,5,Veneto
2024-11-18,VEN,1475,683,792,1475,ITH,ITH3,5,Veneto
2025-01-12,PIE,7,3,4,7,ITC,ITC1,1,Piemonte
2025-02-13,VEN,5,0,5,5,ITH,ITH3,5,Veneto
2024-12-11,LIG,464,168,296,464,ITC,ITC3,7,Liguria
2024-12-05,SIC,168,84,84,168,ITG,ITG1,19,Sicilia
2024-10-04,MOL,6,4,2,6,ITF,ITF2,14,Molise
2024-12-04,PAB,33,17,16,33,ITH,ITH1,4,Provincia Autonoma Bolzano / Bozen
2024-12-09,LIG,236,116,120,236,ITC,ITC3,7,Liguria
2024-12-30,VEN,50,14,36,50,ITH,ITH3,5,Veneto
2024-11-22,PAB,236,113,123,236,ITH,ITH1,4,Provincia Autonoma Bolzano / Bozen
2025-01-25,VDA,1,0,1,1,ITC,ITC2,2,Valle d'Aosta / Vallée d'Aoste
2024-10-25,LOM,8561,4092,4469,8561,ITC,ITC4,3,Lombardia
2024-12-17,PIE,547,237,310,547,ITC,ITC1,1,Piemonte
2025-01-13,VEN,142,52,90,142,ITH,ITH3,5,Veneto
2024-11-08,LOM,7915,3761,4154,7915,ITC,ITC4,3,Lombardia
2024-10-09,SAR,19,10,9,19,ITG,ITG2,20,Sardegna
2024-09-30,LIG,59,33,26,59,ITC,ITC3,7,Liguria
2025-02-21,TOS,7,4,3,7,ITI,ITI1,9,Toscana
2024-10-11,SAR,22,11,11,22,ITG,ITG2,20,Sardegna
2025-01-05,LOM,3,1,2,3,ITC,ITC4,3,Lombardia
2025-01-06,LAZ,2,0,2,2,ITI,ITI4,12,Lazio
2025-02-18,PAB,1,0,1,1,ITH,ITH1,4,Provincia Autonoma Bolzano / Bozen
2024-10-14,MOL,6,2,4,6,ITF,ITF2,14,Molise
2025-02-06,PIE,8,5,3,8,ITC,ITC1,1,Piemonte
2025-01-10,MOL,1,0,1,1,ITF,ITF2,14,Molise
2024-12-25,TOS,1,1,0,1,ITI,ITI1,9,Toscana
